60
42 54
1 35
40 31
29 10
27 58
55 37
35 2
50 11
24 52
55 54
18 33
39 49
40 60
58 52
58 27
32 1
54 55
45 39
56 29
22 8
21 57
32 41
34 35
22 5
54 58
54 52
16 28
35 41
36 17
57 10
24 54
4 14
36 8
6 2
46 10
23 42
20 2
25 26
55 34
39 37
25 56
25 41
7 8
26 10
36 13
49 11
35 8
10 58
24 50
30 28
34 18
43 50
42 20
7 7
11 10
25 55
11 1
19 49
5 51
22 52
55 49
39 21
51 12
13 49
16 26
59 2
4 42
53 18
36 23
16 1
42 51
23 7
16 27
41 28
30 36
38 19
53 12
28 18
55 1
28 54
32 39
5 16
1 60
48 49
28 5
4 59
14 26
2 23
6 15
22 3
24 29
40 13
2 40
49 51
47 45
17 60
32 56
23 58
43 11
27 10
30 27
12 32
16 55
1 49
35 1
53 43
46 25
19 19
47 32
40 43
12 4
56 39
23 5
3 42
48 54
39 50
3 21
44 40
38 40
58 29
44 42
57 6
21 58
40 48
56 28
36 32
55 21
36 34
37 57
8 3
14 53
16 24
37 25
38 3
1 4
11 12
14 59
48 28
28 52
46 46
25 57
20 35
39 29
2 43
36 7
31 8
2 51
14 36
39 4
37 43
2 16
38 42
14 29
11 3
58 60
45 46
31 4
27 17
30 2
41 26
51 52
17 28
3 16
2 9
31 5
34 21
30 17
8 15
7 1
21 59
45 51
6 53
4 15
38 1
38 4
42 19
4 18
51 46
35 17
4 44
7 48
9 1
22 42
49 28
10 56
29 32
18 21
48 44
19 50
43 1
19 56
55 35
54 22
49 34
54 11
12 31
55 6
38 21
31 50
60 23
5 4
3 53
46 48
51 5
42 40
34 43
31 30
57 11
27 3
20 34
45 2
56 8
60 56
41 6
26 53
45 45
55 39
54 50
33 13
10 1
41 37
3 51
28 11
55 46
15 50
59 28
60 35
32 7
14 27
23 27
35 6
32 28
44 7
14 49
53 39
40 30
14 55
15 29
46 40
35 57
19 8
39 58
51 19
37 42
21 8
59 24
56 24
8 6
37 23
41 46
44 56
52 38
1 22
53 42
4 20
46 58
33 22
34 56
57 32
50 34
1 30
29 44
52 42
43 47
45 10
58 4
50 9
36 51
46 14
37 29
25 20
60 30
19 59
31 2
4 9
55 10
39 7
55 58
49 23
7 12
43 38
9 56
44 31
2 52
38 2
45 47
35 26
50 60
53 5
47 57
29 60
30 38
34 41
3 41
58 3
16 29
38 35
15 55
18 53
29 58
56 57
31 60
4 51
35 4
35 43
49 5
48 29
33 54
58 7
25 39
54 23
45 13
25 29
34 19
36 11
21 27
26 26
22 28
5 57
43 57
35 60
9 53
49 14
26 18
46 27
38 12
46 51
49 1
45 36
39 48
19 7
51 16
26 25
29 56
32 54
7 56
39 23
23 30
49 18
19 60
29 5
20 41
12 1
9 14
1 14
50 36
60 31
44 21
15 58
37 1
40 25
33 27
30 22
49 36
39 5
42 42
15 4
8 16
52 59
36 24
14 35
28 17
2 47
47 14
49 38
37 37
19 6
32 23
33 11
35 7
22 32
23 9
15 51
5 10
38 36
51 25
20 23
39 34
43 7
7 57
27 28
1 27
48 33
47 4
38 18
15 36
26 58
13 11
56 30
20 58
33 29
20 5
21 41
52 2
50 17
57 24
13 7
48 17
50 35
46 57
55 25
11 57
15 35
1 52
3 22
21 3
28 49
39 38
46 39
12 47
53 1
27 59
5 48
36 37
59 30
5 11
47 13
44 11
19 29
40 7
34 53
54 56
46 2
43 36
57 33
2 21
52 7
5 9
41 55
2 59
40 23
24 11
42 2
9 13
1 13
19 11
34 6
2 18
43 46
41 60
21 54
30 11
40 3
6 14
23 59
51 49
21 4
30 19
16 7
17 4
37 16
8 13
11 51
27 53
25 10
1 32
10 54
34 5
50 24
54 28
36 20
9 59
24 5
1 24
47 7
16 59
29 18
45 32
59 1
13 59
34 59
15 30
19 5
48 4
3 44
5 54
15 59
38 30
14 54
46 60
27 51
4 21
55 2
14 50
17 2
55 52
47 1
42 49
42 45
27 55
52 49
49 16
42 58
33 21
38 24
17 59
7 6
44 12
38 54
20 49
33 18
48 26
33 57
42 53
43 41
2 2
18 6
34 30
43 56
40 38
50 8
30 52
51 4
54 47
51 27
37 54
46 17
13 29
32 22
14 24
42 13
33 51
16 11
9 46
24 57
1 17
14 6
25 49
1 31
52 31
31 54
55 55
55 12
29 3
15 33
21 37
23 49
34 25
56 56
42 38
29 52
15 53
43 48
33 7
47 39
42 57
24 39
22 31
29 1
3 15
1 56
41 39
53 2
35 30
16 5
45 21
28 53
9 58
10 51
26 6
18 60
29 17
22 10
50 6
23 8
30 33
5 42
52 9
48 27
49 7
6 55
59 58
44 30
37 9
30 8
9 6
58 35
35 40
20 4
20 22
60 29
52 47
27 9
52 52
53 50
43 51
8 11
26 59
36 4
56 4
8 14
43 6
32 57
49 17
19 9
7 4
50 57
5 47
45 35
30 25
56 48
40 19
31 21
53 44
42 56
37 53
60 26
6 59
44 25
2 54
60 22
24 43
30 18
47 44
53 36
50 18
12 8
7 14
45 28
1 53
48 11
30 10
56 9
57 9
8 52
39 10
5 5
22 27
21 9
30 24
18 37
37 39
32 36
49 54
60 34
45 52
54 57
57 12
34 10
58 32
49 32
46 56
25 37
40 55
45 33
42 15
31 24
43 37
8 56
45 9
35 9
2 14
45 6
48 56
30 43
28 43
30 49
2 22
28 10
1 21
44 58
32 10
53 4
58 34
22 24
18 27
47 50
11 58
1 45
21 30
57 54
38 8
24 55
44 59
34 17
17 33
12 12
6 5
28 1
36 48
53 11
32 34
5 3
47 26
49 42
12 60
23 31
44 20
31 19
47 23
57 31
42 21
51 28
27 52
24 60
55 24
60 1
57 60
47 47
9 5
31 1
34 55
43 19
1 34
48 1
11 5
58 20
16 56
56 38
5 17
20 29
53 16
55 29
21 26
56 36
16 12
4 19
19 1
7 49
46 15
60 39
11 13
41 20
10 48
18 26
49 25
45 3
44 37
42 55
19 38
52 3
30 34
34 52
40 10
18 12
20 1
37 3
34 8
48 58
31 10
41 14
45 37
30 26
20 51
7 2
26 31
1 59
26 29
14 48
11 53
26 5
49 33
35 21
1 19
53 46
50 1
16 9
10 11
33 26
25 28
43 3
41 1
19 51
2 42
3 45
37 26
40 1
53 48
29 9
39 6
31 33
30 1
17 24
4 58
1 11
30 40
16 36
34 3
12 13
1 58
38 41
39 32
55 27
39 53
3 7
41 10
54 8
60 58
34 36
53 38
25 27
26 34
52 16
27 31
12 5
33 9
16 10
48 10
27 6
22 26
15 5
38 33
25 22
6 49
40 22
33 3
36 2
36 29
26 1
32 49
8 5
2 20
3 46
50 54
16 23
32 58
53 23
43 8
57 35
6 54
35 37
30 59
2 24
54 5
25 3
51 21
23 32
52 58
45 49
47 59
14 12
5 19
32 43
51 13
26 41
56 59
11 7
36 60
3 10
26 35
21 51
9 4
18 25
2 41
33 20
49 13
20 37
14 8
18 31
27 26
22 6
51 39
39 31
54 54
24 27
40 27
13 57
47 12
52 13
37 13
32 59
5 7
19 4
56 13
41 17
15 22
32 50
18 8
42 18
13 31
42 10
18 28
35 32
9 11
21 31
10 47
44 57
41 34
1 39
39 59
52 53
51 33
7 59
16 31
60 36
59 22
46 52
56 25
44 47
22 7
48 59
17 6
7 50
6 56
30 16
32 21
48 31
51 6
10 55
37 60
9 12
45 22
59 32
32 18
48 57
32 37
50 52
53 9
59 53
56 54
30 6
47 5
17 21
46 12
21 28
39 30
53 47
27 33
33 30
46 53
56 33
54 6
6 18
43 59
17 35
10 53
9 3
4 48
36 27
1 29
44 50
54 34
29 51
45 4
32 25
35 18
46 21
39 20
14 9
8 58
57 27
26 51
56 32
45 40
41 5
4 12
28 31
21 1
24 56
2 50
44 55
35 16
21 49
47 38
58 38
47 52
55 16
53 57
42 48
3 59
30 50
46 54
6 8
1 44
46 11
34 22
47 37
48 55
14 31
33 50
26 9
38 55
31 41
52 32
47 58
24 26
45 5
56 37
36 57
33 39
30 21
53 55
45 23
56 6
22 25
2 7
57 53
43 52
16 8
35 5
29 12
46 3
58 33
18 58
22 53
41 4
43 23
37 7
1 18
44 53
54 45
44 38
52 54
56 3
55 3
60 57
6 7
35 28
51 8
15 34
40 24
2 1
18 56
33 36
2 57
51 1
14 1
38 57
31 58
17 31
1 16
3 5
33 12
32 24
4 53
47 35
34 7
41 50
54 49
13 2
9 51
14 58
3 58
48 3
30 54
56 10
4 5
31 53
50 33
26 2
19 37
54 16
52 46
41 21
16 51
56 26
26 39
40 5
39 12
57 58
25 34
43 10
1 6
41 35
36 16
9 2
6 57
50 46
50 49
7 15
42 22
47 11
22 1
27 1
4 49
51 60
29 42
8 1
22 58
44 49
42 12
41 52
27 2
24 6
47 24
6 43
23 28
24 58
23 54
4 60
48 12
53 15
34 50
54 9
48 23
56 50
52 51
2 4
35 19
10 6
35 11
24 3
9 47
25 59
59 54
14 52
13 52
20 36
48 21
19 2
22 38
36 31
51 51
15 2
26 8
3 55
44 24
9 50
21 39
25 35
29 28
60 38
40 34
45 19
31 43
57 56
30 30
18 23
47 25
6 50
43 53
5 15
15 12
22 11
45 60
49 3
15 27
17 8
13 10
41 22
43 55
30 31
12 59
32 8
20 10
41 7
11 8
12 49
28 51
28 29
16 57
37 51
58 8
3 14
21 19
27 41
34 13
38 52
28 58
22 57
40 51
51 56
58 24
48 39
47 43
21 2
44 34
38 29
54 32
5 46
25 4
1 20
26 4
45 20
53 14
47 51
3 56
10 59
38 10
46 4
38 51
12 10
55 44
58 9
51 9
59 4
46 37
28 50
42 8
48 16
47 36
5 44
42 3
8 59
57 38
49 15
20 28
20 39
57 30
38 26
21 36
46 9
59 18
58 57
10 2
34 2
32 40
60 25
59 40
7 46
21 24
54 38
35 13
4 54
38 23
22 21
22 55
33 5
26 32
27 49
39 8
10 60
55 56
55 31
40 52
48 50
41 47
8 48
56 1
13 1
37 11
55 26
31 25
12 2
18 54
39 11
39 54
9 52
40 26
34 54
28 59
47 2
5 8
40 2
50 48
28 6
50 43
17 36
32 32
38 58
43 14
42 47
22 49
51 11
30 58
45 56
19 32
48 22
52 57
25 30
15 32
15 37
37 12
1 42
43 5
17 29
36 22
28 9
12 58
51 58
48 7
24 31
57 5
6 3
55 15
33 23
54 15
24 53
45 41
55 51
34 16
7 17
1 43
31 55
44 36
14 33
36 25
4 16
49 37
58 39
21 53
16 52
20 55
22 18
40 17
15 26
8 2
36 1
25 24
35 29
27 8
26 11
43 12
10 49
37 21
47 49
38 5
14 30
28 55
41 33
49 12
18 59
3 1
43 9
34 20
21 20
7 51
2 15
4 10
31 11
47 16
16 38
34 58
30 35
28 60
14 57
29 4
59 27
51 3
30 5
20 24
44 39
41 49
57 29
25 9
33 33
46 41
11 47
18 22
34 12
20 25
47 17
30 23
1 48
53 37
58 53
16 35
42 11
41 30
36 43
47 6
5 56
5 50
38 37
25 54
25 60
60 28
34 44
29 53
15 48
31 35
3 9
38 13
12 30
49 31
1 57
4 47
18 30
17 37
22 34
44 9
44 26
38 43
37 35
50 5
5 45
33 19
32 6
24 9
55 14
51 15
16 48
13 33
2 19
56 5
39 60
40 36
24 33
1 33
43 15
30 7
19 20
47 20
38 25
53 3
59 38
3 11
39 3
56 47
38 20
42 46
55 47
25 2
35 39
52 12
39 56
29 57
24 59
32 48
44 5
29 49
48 46
19 55
56 58
24 8
19 22
21 11
35 42
22 36
4 55
40 6
6 45
42 5
2 45
57 2
45 24
32 53
8 50
10 10
29 43
50 10
19 58
58 21
1 54
53 56
25 19
54 13
20 38
46 1
44 3
15 31
48 38
46 49
28 16
20 21
20 27
37 4
54 46
11 4
47 53
19 52
31 23
11 55
24 49
39 17
33 6
31 48
58 2
21 56
59 26
53 21
59 57
10 7
48 51
19 21
13 50
18 52
6 48
3 43
3 60
20 56
54 4
49 60
19 31
19 27
15 11
16 34
41 40
40 59
35 44
25 38
49 44
14 11
13 28
56 11
33 59
32 31
55 59
44 60
36 50
21 33
22 19
32 33
17 56
17 51
34 42
36 41
13 53
55 9
16 49
52 50
36 38
29 27
53 24
43 49
43 22
21 38
37 50
52 55
32 27
4 3
6 12
8 51
56 31
1 9
45 25
40 50
20 57
55 23
15 3
37 55
21 34
28 32
50 7
17 27
1 37
52 17
25 40
11 6
37 6
60 27
50 47
33 42
1 38
3 4
41 31
24 2
25 21
1 55
46 23
48 30
27 5
32 20
47 9
30 39
23 50
54 14
33 4
37 38
42 14
11 2
17 7
57 50
50 53
26 3
44 8
7 9
13 12
50 45
53 22
8 4
52 14
31 52
33 48
53 51
12 48
57 3
38 39
15 23
48 8
37 8
45 14
21 25
32 55
5 53
35 24
30 4
29 6
52 11
60 20
31 44
28 57
55 30
41 2
16 33
54 39
19 54
17 57
10 12
12 9
6 13
56 49
44 13
49 10
25 32
48 53
51 47
40 21
18 34
38 34
17 11
7 55
46 24
23 55
13 27
3 50
45 55
32 12
48 48
32 42
27 7
37 24
7 45
41 18
5 6
33 2
26 55
51 17
23 6
45 16
39 33
37 56
26 7
38 7
43 42
60 19
16 3
6 10
31 3
31 49
15 6
14 10
27 56
37 19
31 59
35 55
14 2
47 27
21 18
49 43
16 32
29 50
24 4
45 34
11 9
26 54
51 29
52 56
36 26
57 4
59 23
36 42
51 44
22 59
57 23
2 44
35 3
22 23
29 29
17 32
49 57
49 22
20 3
35 10
36 36
20 26
23 11
32 44
48 45
22 60
16 25
14 60
3 8
52 39
12 53
48 9
48 36
14 25
59 39
19 12
58 51
43 45
24 32
52 18
54 51
44 46
51 43
51 30
29 55
36 33
17 30
40 41
40 8
29 2
19 24
7 54
47 46
32 2
33 1
50 32
54 12
17 38
2 3
6 11
9 54
36 59
24 1
50 28
52 5
41 19
16 53
28 7
17 50
59 37
29 11
22 22
20 52
56 2
30 55
25 7
2 53
46 8
57 28
48 35
13 55
8 10
50 37
45 8
49 35
8 9
32 3
57 26
5 52
52 60
54 1
13 13
19 34
46 33
60 59
14 7
47 21
18 1
58 26
18 57
31 31
18 51
4 41
55 36
18 39
18 29
22 50
59 31
38 50
15 49
46 34
11 52
55 53
54 35
33 49
10 9
36 21
48 14
7 5
41 32
15 7
15 56
31 9
36 54
48 24
39 19
3 54
54 18
44 48
36 9
51 34
6 17
42 36
6 9
20 7
31 32
53 58
18 24
9 7
7 13
22 54
1 26
46 32
41 41
17 5
56 35
4 1
8 53
53 45
1 40
42 23
43 21
17 9
1 10
13 32
45 29
2 58
21 55
16 50
45 48
49 27
5 14
44 19
35 12
9 10
51 35
15 54
20 9
10 4
56 51
12 56
34 26
3 12
18 3
54 3
32 38
41 9
36 58
34 29
12 51
46 55
51 59
18 50
26 57
27 4
1 47
30 20
51 31
54 24
9 8
41 11
17 1
26 27
39 42
55 33
14 32
10 52
38 60
8 45
17 22
41 36
47 8
37 2
10 5
49 6
24 25
28 35
51 48
43 18
7 60
53 17
22 35
20 30
38 38
10 8
30 44
48 2
41 13
33 52
60 21
19 40
37 17
7 3
57 59
37 18
41 23
35 49
1 41
50 59
47 22
9 49
15 24
32 52
58 58
2 8
56 53
24 51
50 4
54 17
23 26
45 27
39 57
17 12
35 50
51 14
45 50
50 29
30 60
14 5
31 28
41 25
47 40
1 8
1 28
13 5
22 20
46 59
49 2
58 56
20 8
6 52
52 45
49 56
58 6
48 5
42 41
53 19
27 54
55 7
58 55
53 53
59 19
54 26
41 43
18 9
46 38
50 31
36 55
4 45
39 28
52 10
35 38
40 54
20 59
58 5
34 11
38 6
35 54
58 23
12 6
47 31
31 42
42 52
56 22
9 60
14 3
52 48
47 54
58 40
43 40
12 3
37 52
41 42
28 30
54 43
44 51
25 23
46 5
44 22
17 53
23 52
33 43
36 19
36 5
50 13
3 57
48 6
39 24
36 12
38 11
18 32
50 51
16 58
14 4
10 14
19 10
24 28
36 49
59 33
44 41
39 26
39 25
18 36
33 56
3 13
51 2
59 60
33 38
11 56
5 59
2 10
48 34
3 17
60 24
45 53
56 34
19 25
25 5
35 36
21 35
30 56
45 7
40 49
34 48
33 28
26 56
53 13
40 46
6 46
32 13
17 34
54 7
5 2
5 1
31 20
51 45
13 60
21 22
17 54
41 53
27 42
41 29
11 14
29 59
43 13
11 50
35 33
33 8
33 32
38 17
34 31
2 12
51 10
38 9
22 51
59 17
54 53
1 2
33 58
49 52
46 22
12 55
47 60
35 35
36 28
46 26
35 58
36 6
52 43
43 60
38 49
8 49
50 50
1 50
3 52
41 54
26 19
6 4
25 1
4 8
41 8
40 47
52 8
22 2
41 59
59 25
44 29
59 35
40 18
49 47
4 11
60 60
46 50
42 6
37 48
30 57
21 7
34 38
51 55
2 55
59 36
27 43
55 38
34 24
3 3
59 5
39 27
53 59
22 4
30 53
16 22
34 40
23 2
16 37
55 17
49 24
44 1
49 48
1 23
30 12
13 58
39 43
44 2
4 6
36 52
40 29
34 51
21 32
54 33
25 6
47 10
6 44
14 34
19 33
43 39
1 51
26 30
37 36
29 31
37 59
18 35
6 16
37 10
21 21
51 26
31 27
6 58
56 60
51 50
20 50
51 18
30 3
34 23
26 49
48 32
58 54
57 1
1 36
50 3
18 49
16 30
48 13
15 10
41 12
48 37
33 40
35 48
57 37
52 21
52 15
39 35
54 2
44 6
47 28
11 11
46 47
4 43
23 25
23 56
44 35
17 52
45 15
35 22
10 57
50 27
27 27
47 33
8 12
59 34
44 4
32 5
33 17
33 31
39 47
56 23
8 8
8 47
3 47
20 6
30 41
32 35
50 44
53 10
8 54
23 51
19 57
36 18
2 6
31 22
23 53
31 36
55 8
40 4
52 1
42 37
40 32
53 6
39 18
11 54
57 36
55 11
42 43
12 52
58 59
51 57
20 54
32 51
1 5
9 9
19 26
33 55
44 18
52 22
55 60
45 54
33 35
12 54
57 21
58 30
33 24
47 34
54 37
24 21
28 27
50 25
27 30
17 3
46 20
36 53
2 25
42 4
32 30
31 12
36 35
9 48
6 51
32 16
46 16
4 13
36 3
53 49
29 16
34 1
9 57
29 54
50 23
40 37
23 4
17 58
50 30
48 60
13 8
53 8
16 4
30 37
32 17
30 51
58 1
45 26
43 20
10 50
38 31
18 7
2 46
49 29
51 53
55 45
19 35
50 16
42 59
13 9
25 33
47 3
37 34
24 7
57 34
51 32
34 4
35 56
21 5
25 31
57 22
22 9
56 7
58 25
49 26
2 5
50 2
22 33
5 58
53 54
57 49
48 47
44 28
5 13
20 40
3 6
13 4
26 33
46 7
54 59
16 2
19 30
55 13
54 27
31 37
49 4
14 56
31 40
36 56
60 17
12 50
50 58
15 25
37 49
58 22
32 60
42 7
44 45
56 52
25 11
40 33
13 3
49 8
1 46
60 32
31 6
40 12
32 29
48 15
59 59
4 4
39 39
54 21
12 33
57 39
45 57
4 2
28 2
1 3
50 26
38 47
28 28
35 23
49 45
3 49
46 44
6 47
58 28
16 54
41 56
56 55
1 12
15 52
35 59
32 26
17 10
1 15
33 10
27 11
28 3
20 32
54 48
40 20
59 20
15 1
26 28
42 50
22 41
35 51
20 31
55 48
45 1
18 5
32 9
45 44
32 11
7 52
31 29
30 42
26 20
29 7
58 36
47 55
50 12
27 50
47 56
2 11
20 33
44 32
18 4
25 51
58 37
44 23
49 49
21 10
19 3
44 27
23 3
56 27
15 60
54 42
4 46
55 5
2 56
50 42
20 60
35 52
2 39
40 57
55 28
4 56
4 52
7 47
19 28
28 56
31 39
39 1
17 49
60 33
50 55
42 39
28 42
38 56
25 8
15 9
20 11
30 29
33 44
36 39
43 2
55 22
48 43
34 60
47 15
48 25
13 48
46 36
10 13
26 52
49 9
36 40
22 56
33 53
7 53
21 40
34 37
31 38
56 21
31 34
3 2
3 19
45 31
3 48
36 10
44 54
2 13
25 53
10 3
52 6
38 53
8 57
13 35
40 56
21 50
13 6
57 51
47 48
25 52
31 13
3 18
49 30
2 60
20 20
7 58
49 55
1 7
41 48
33 37
45 58
50 14
43 54
40 9
41 27
39 22
18 10
21 60
19 36
14 28
42 9
18 11
30 9
40 28
24 10
39 51
55 50
45 59
54 36
37 40
57 8
5 55
18 38
3 20
18 20
6 60
31 7
39 40
44 15
59 21
46 45
29 8
8 55
38 22
40 40
40 35
40 42
53 7
57 55
44 14
25 50
3 40
44 10
48 52
44 33
56 12
31 18
11 49
49 58
35 34
52 4
50 15
11 48
28 8
41 24
6 6
5 43
40 53
23 33
16 6
17 55
1 25
39 9
37 22
5 12
37 20
41 58
57 25
23 1
34 57
53 60
17 26
15 8
42 17
31 57
27 57
41 51
4 7
39 2
46 13
56 14
6 1
28 4
33 41
7 11
33 25
46 35
51 42
31 51
55 4
57 52
31 16
4 17
38 28
8 46
51 54
24 30
39 41
60 18
23 60
57 7
52 30
4 50
41 57
27 60
12 57
54 44
30 32
53 52
23 57
12 11
59 29
11 59
59 56
37 41
59 55
46 6
49 59
18 55
13 54
31 26
20 53
60 37
43 4
2 48
17 25
31 17
13 56
26 50
43 58
34 49
54 10
1 1
54 60
9 55
21 23
36 30
49 53
54 25
32 4
27 18
40 39
59 3
11 60
35 31
15 57
42 60
21 52
34 9
31 56
41 3
32 19
21 6
27 32
2 49
14 51
12 7
16 60
57 57
15 28
41 38
49 46
13 51
37 5
25 25
35 53
55 43
17 23
8 60
39 52
38 59
34 39
39 36
4 57
18 2
5 60
52 44
25 58
50 56
25 36
13 34
27 29
45 11
33 16
44 52
37 58
45 12
49 50
29 30
58 31
42 1
48 18
19 53
7 16
38 48
13 30
5 49
19 39
9 15
34 34
40 11
35 25
8 7
51 7
35 20
26 60
2 17
39 55
23 10
40 58
20 19
7 10
55 32
5 18
55 57
45 38
33 34
37 30
19 23
33 60
