50
27 14
18 32
19 48
13 25
47 33
43 17
16 21
29 34
35 41
24 38
3 7
3 44
22 29
4 36
45 38
34 32
21 35
25 0
5 44
12 41
38 35
25 17
38 22
14 47
37 29
42 39
8 45
39 11
42 0
25 22
24 23
21 17
37 25
41 18
34 25
0 46
41 30
25 15
10 1
37 37
41 28
39 34
47 30
6 49
36 36
1 10
46 28
1 44
0 45
16 25
17 28
34 17
17 25
46 0
4 38
41 31
32 39
37 32
23 36
3 4
25 19
29 38
45 21
19 34
8 40
35 40
18 14
46 32
45 32
6 44
13 49
48 25
32 38
14 49
47 18
2 2
21 13
37 35
6 5
36 34
12 1
41 0
16 23
26 22
1 11
15 23
41 40
16 46
39 27
8 0
23 16
27 36
41 32
2 49
33 25
9 46
2 46
18 29
7 45
1 1
20 35
32 26
8 3
43 0
33 32
27 23
26 20
16 44
26 11
41 20
22 21
32 30
3 8
0 44
24 31
35 38
4 46
5 42
40 38
14 48
31 32
7 48
34 21
7 5
20 19
3 47
36 28
5 0
28 22
13 22
30 35
42 40
40 15
35 19
42 36
32 23
39 17
14 2
48 34
19 0
37 40
22 17
7 38
26 23
26 24
25 35
44 18
46 36
4 4
26 19
40 32
22 37
45 20
37 31
9 2
42 22
13 28
38 0
37 27
39 40
22 36
24 16
10 47
42 18
35 30
31 34
10 2
18 18
44 33
6 45
26 39
32 24
16 29
33 26
20 12
32 40
30 24
0 2
4 49
21 29
17 27
20 29
14 29
34 29
8 43
23 20
6 1
8 5
45 33
34 33
4 41
3 0
2 44
30 25
22 12
40 12
21 49
3 33
6 3
15 27
41 36
1 23
42 13
46 34
4 40
36 30
6 43
17 33
49 30
39 38
25 20
3 36
43 20
40 16
48 3
33 19
24 32
35 39
37 36
38 26
14 30
19 31
48 22
48 21
23 21
43 15
41 17
0 39
1 39
31 24
21 37
40 28
0 31
7 39
41 33
2 34
25 34
9 38
0 15
17 17
45 28
19 20
47 28
20 0
33 38
45 35
39 15
40 39
41 35
16 33
48 36
13 24
10 49
44 32
33 35
38 31
20 17
3 49
44 16
44 31
17 46
41 12
34 23
19 47
12 0
17 47
14 23
7 3
7 1
45 30
0 29
2 0
9 41
13 45
21 33
19 49
40 37
37 14
40 20
6 46
39 36
10 46
1 12
44 27
26 16
12 44
34 30
31 26
48 19
23 12
29 21
36 24
26 17
42 27
28 21
2 8
4 39
18 22
48 32
20 21
46 18
15 24
13 42
11 3
40 11
22 30
24 35
19 28
22 14
44 20
37 26
41 16
27 24
7 42
19 16
30 33
5 48
14 0
36 39
20 18
3 3
49 32
16 28
47 36
1 22
25 24
1 45
19 27
46 31
23 14
14 46
38 20
21 16
13 1
1 7
27 39
2 5
10 42
21 48
26 18
24 21
22 20
39 30
49 31
2 31
4 44
14 22
15 49
28 39
27 11
25 37
46 19
21 18
37 11
32 35
12 2
41 41
49 24
28 26
0 34
29 23
0 41
29 22
20 30
40 21
15 22
24 33
48 1
48 28
24 20
11 49
0 3
0 42
34 41
16 0
36 11
17 15
30 40
24 18
15 44
1 8
22 16
36 29
9 40
15 26
23 17
47 37
42 26
32 28
46 33
27 38
37 24
13 26
26 32
24 14
38 37
1 0
21 21
18 13
30 23
44 0
40 24
36 23
39 33
18 26
20 25
20 33
35 27
5 2
16 32
16 17
35 15
37 28
45 0
2 35
3 43
33 30
8 1
38 28
34 28
12 42
9 4
0 22
33 21
48 35
7 41
25 14
42 16
32 33
23 27
40 35
18 24
28 24
32 25
1 34
21 12
18 27
4 3
20 22
34 26
37 23
42 21
34 20
0 14
26 36
16 22
43 34
12 43
15 45
20 23
19 30
48 26
8 38
8 49
35 21
46 2
28 23
5 36
40 34
45 18
35 34
33 37
2 39
38 27
4 37
15 46
14 45
4 47
12 45
26 21
11 48
35 29
18 17
10 44
45 1
45 39
36 41
23 35
11 1
42 37
3 34
7 0
46 29
20 36
2 24
2 42
11 42
25 23
38 40
15 25
42 19
40 14
41 27
45 36
20 49
45 16
3 37
44 36
40 31
34 36
38 15
49 0
6 41
33 22
9 3
36 19
35 35
33 33
17 34
23 26
23 38
8 2
1 21
47 25
10 0
47 35
27 13
10 43
37 18
17 31
44 35
41 14
5 49
4 0
31 23
39 0
34 18
26 31
44 38
11 41
13 44
25 12
35 33
0 10
34 34
0 21
36 38
36 37
2 7
19 26
6 39
16 20
49 36
33 18
27 12
33 27
24 13
16 18
0 32
13 27
43 37
16 49
9 1
2 40
3 41
41 38
29 37
42 30
36 20
47 31
2 6
17 23
17 29
20 32
0 49
24 49
14 28
1 40
19 25
8 41
38 39
15 32
26 13
17 48
45 17
38 12
27 40
36 13
27 26
38 29
34 38
0 48
14 24
37 19
1 5
22 23
35 16
17 19
1 47
37 12
13 0
19 18
16 26
0 25
25 36
32 36
12 48
16 31
24 0
5 43
39 26
40 19
36 33
30 13
31 16
21 47
39 13
21 19
45 19
42 38
1 43
37 38
22 13
26 38
5 35
8 48
2 3
17 16
31 30
7 46
0 12
15 0
26 33
19 15
36 12
20 27
26 37
0 20
13 47
16 19
36 15
18 19
18 31
9 39
33 41
0 30
33 20
23 18
36 35
7 43
31 31
20 14
16 47
41 26
25 13
15 17
5 3
33 39
23 22
41 19
47 21
26 0
0 0
33 29
43 19
45 31
14 1
9 45
38 17
9 49
2 30
29 36
31 36
11 0
34 39
13 23
18 30
13 21
46 17
23 49
6 0
49 26
39 24
14 42
49 28
26 12
8 46
7 37
48 27
0 27
13 41
19 19
17 22
47 20
36 22
3 48
4 2
34 35
41 13
47 23
4 7
18 46
22 49
41 34
19 32
24 15
25 21
35 28
48 33
38 11
7 47
38 19
47 19
23 37
23 34
1 30
19 14
17 30
32 27
20 20
47 1
16 15
44 28
35 18
44 1
38 14
15 29
6 38
44 25
29 40
43 29
22 15
47 0
23 0
2 38
11 45
11 46
21 0
2 1
20 16
6 6
42 28
13 2
31 40
28 35
39 25
3 5
16 27
42 14
2 45
2 48
48 31
39 31
1 41
22 38
41 39
40 18
23 23
17 14
2 32
38 41
29 39
36 27
44 17
43 22
18 21
18 49
16 45
43 18
2 43
34 22
17 20
31 29
37 21
2 10
10 41
0 36
5 39
40 29
12 47
5 38
15 48
34 24
35 24
21 36
0 40
24 34
18 28
39 18
18 48
1 48
23 19
5 47
5 46
37 33
21 24
33 34
40 22
45 37
33 28
49 1
30 37
44 39
38 24
17 21
19 29
21 23
1 25
5 1
49 3
1 32
48 29
49 21
49 29
8 47
1 46
19 46
43 25
20 13
10 39
21 25
46 20
22 48
48 30
38 30
1 6
10 45
0 18
1 3
39 32
5 6
49 35
0 28
0 23
16 48
0 11
36 17
4 33
30 34
15 18
39 39
40 27
37 15
3 32
39 19
3 46
6 48
3 1
32 29
43 35
43 23
0 37
1 33
34 40
37 34
37 17
20 28
45 29
26 14
30 38
6 36
39 16
39 20
47 34
32 37
44 23
22 24
20 31
18 20
35 23
44 26
22 25
35 25
29 35
18 16
38 34
41 37
43 36
43 21
6 42
4 5
20 34
1 36
38 36
49 34
40 41
16 1
1 9
4 6
19 13
48 24
37 20
43 27
37 22
32 34
15 47
31 37
14 25
39 29
19 22
1 35
45 34
24 17
0 9
15 21
24 36
0 16
9 44
42 20
43 24
9 47
21 22
0 4
49 23
35 17
48 2
23 33
1 2
31 33
40 26
6 2
28 37
22 18
22 26
29 25
17 32
9 48
42 29
37 30
40 30
2 9
36 31
22 22
4 45
39 12
27 25
43 28
43 16
16 16
47 32
28 38
27 21
22 27
22 0
30 36
17 1
46 37
36 18
11 43
27 10
18 33
21 27
42 15
44 21
12 3
26 15
31 22
7 49
3 6
10 40
22 19
37 39
24 19
33 36
47 26
1 28
34 37
23 15
46 30
43 40
18 25
8 37
19 23
1 20
31 28
14 43
36 25
5 40
2 37
28 40
13 46
35 37
40 17
5 5
23 25
24 25
32 31
19 24
38 16
49 27
49 22
3 45
36 16
36 26
4 35
44 37
46 1
6 4
41 15
3 39
20 15
49 2
37 16
42 17
1 38
37 0
26 34
46 35
12 49
46 27
31 39
15 20
18 34
34 31
8 4
47 29
3 2
17 18
5 37
43 26
14 21
24 37
34 27
14 20
13 48
23 24
33 40
20 24
21 15
46 26
0 33
33 31
4 48
47 2
43 39
8 42
16 24
43 14
0 13
36 21
7 40
49 33
27 0
20 48
15 19
38 33
5 4
7 2
14 26
40 13
6 37
35 36
15 30
21 32
43 38
46 38
1 37
0 35
4 42
39 41
36 40
6 47
3 38
10 48
15 43
20 26
39 22
44 15
4 34
27 20
1 24
25 18
40 36
44 19
11 44
40 0
33 23
39 35
20 47
0 7
1 4
0 38
39 23
38 18
18 1
0 1
38 23
32 32
1 31
18 23
42 31
15 1
17 49
14 27
28 10
1 49
39 37
39 21
3 40
48 0
23 13
8 39
0 6
17 45
2 41
28 36
1 42
9 42
21 26
18 45
21 31
9 43
35 22
0 26
34 19
48 20
22 28
42 35
21 30
36 14
2 47
15 31
41 29
11 2
21 34
19 17
12 46
27 15
39 14
41 21
1 29
21 20
35 26
2 4
33 24
4 43
17 24
31 35
38 32
11 40
47 27
3 42
10 3
21 14
35 14
31 25
11 47
18 47
24 24
8 44
49 25
38 13
40 33
29 24
26 35
18 0
37 13
0 24
10 4
38 25
47 24
31 38
35 20
35 32
36 32
44 34
0 8
40 25
24 22
30 39
19 35
17 0
44 22
2 36
0 5
47 22
5 41
22 35
27 37
19 33
13 43
0 47
14 44
15 28
35 31
31 15
21 28
48 23
38 38
4 1
18 15
28 25
17 26
2 33
9 0
0 43
0 19
37 41
40 40
3 35
7 44
5 45
16 30
6 40
25 16
7 4
19 21
