60
7 43
43 19
20 54
17 25
23 44
28 6
17 5
36 7
2 15
5 10
7 16
1 27
53 12
34 22
56 12
31 15
49 29
59 26
21 24
42 17
42 57
19 7
37 3
44 32
23 39
9 6
5 39
6 45
19 32
39 6
19 24
19 2
11 50
34 6
12 52
18 3
28 53
7 11
10 4
44 28
25 5
14 55
3 55
34 34
36 41
45 53
10 12
22 5
55 28
31 46
36 51
15 49
36 17
10 7
51 2
15 7
17 1
54 40
26 55
54 48
33 23
58 14
47 58
35 29
3 2
36 37
1 4
15 6
51 27
18 32
13 8
40 7
55 6
60 38
38 43
23 18
54 51
5 5
44 3
32 3
25 55
35 17
28 44
37 41
49 52
22 33
1 9
14 28
31 54
60 37
41 60
29 6
26 6
60 34
59 5
41 50
2 58
1 53
46 11
22 8
56 31
42 48
3 10
43 16
27 54
28 31
47 7
46 52
42 6
36 40
33 55
57 3
1 10
51 45
35 26
51 54
2 2
24 40
5 58
34 42
42 36
17 40
20 32
51 58
14 27
54 5
18 5
24 59
56 55
39 60
20 50
17 58
24 32
13 13
45 33
53 54
32 6
19 54
4 8
40 55
16 5
1 34
52 47
31 43
33 52
6 51
55 59
29 51
35 7
45 60
45 36
3 49
3 57
56 49
37 39
4 48
4 3
16 10
59 45
43 56
56 46
18 54
58 13
16 8
60 19
25 25
41 21
40 22
1 18
50 8
52 23
34 23
4 16
41 24
40 3
37 53
10 14
23 20
55 51
58 36
22 25
25 14
12 54
54 23
49 54
34 41
20 16
13 12
13 3
54 2
29 23
47 19
52 7
20 34
60 44
25 44
44 22
18 20
27 42
34 39
16 25
37 16
29 54
5 8
47 32
17 39
36 25
2 35
23 57
33 7
1 44
13 27
47 1
52 2
37 27
35 9
60 40
30 41
3 47
50 32
8 53
38 7
41 6
60 12
41 8
7 48
19 16
20 24
43 18
42 2
18 26
16 21
3 12
14 50
40 4
51 17
38 4
49 10
60 39
45 26
33 32
48 14
19 38
9 46
51 36
13 30
1 58
33 25
35 8
59 4
43 58
2 13
15 47
41 44
36 14
38 37
4 4
54 14
5 52
55 8
7 52
47 21
39 3
23 58
52 17
50 46
50 58
55 41
48 38
43 48
38 35
49 19
57 55
48 22
54 54
14 52
28 17
42 51
22 28
57 35
40 59
46 57
59 42
19 20
55 46
35 36
28 29
4 49
19 8
20 5
4 40
32 34
5 2
36 44
22 54
47 47
13 53
6 48
20 35
38 39
19 21
55 27
31 55
17 51
4 42
42 45
51 16
52 38
21 15
18 25
26 53
23 28
2 3
44 16
37 58
24 54
21 2
52 56
6 5
32 45
14 35
31 4
49 39
50 37
47 22
29 8
44 41
3 9
4 11
1 29
7 56
5 16
60 26
3 52
26 34
48 39
53 43
51 8
60 20
52 36
21 59
57 52
18 6
31 8
25 13
14 47
39 14
41 16
17 24
2 7
20 31
16 51
57 22
57 19
6 7
43 26
1 41
58 45
43 42
46 55
50 25
54 57
40 51
47 50
32 14
5 49
36 52
6 44
25 8
4 44
53 30
44 21
16 19
2 8
57 8
23 19
23 54
16 30
55 40
28 36
47 2
8 14
37 40
2 17
23 41
42 59
16 52
21 25
38 38
6 42
38 55
15 5
44 42
39 34
11 52
17 34
28 40
36 32
51 12
48 8
57 41
44 53
38 16
56 59
50 2
19 40
13 9
35 16
20 9
33 12
21 54
33 33
11 54
2 37
7 8
16 27
23 60
12 55
53 40
41 15
3 60
24 37
15 22
22 17
12 12
50 54
37 35
53 37
3 1
23 17
24 20
46 5
51 35
56 60
3 48
29 46
59 15
29 32
34 59
46 56
20 49
16 57
29 19
45 35
35 22
33 58
42 27
52 14
1 40
37 32
60 58
5 42
49 55
34 60
39 43
51 9
23 1
3 39
43 38
48 59
47 42
12 5
37 45
34 45
2 60
27 31
29 31
56 52
34 26
58 52
21 22
54 1
50 44
34 36
43 57
31 57
39 45
41 5
49 31
32 54
34 52
55 12
46 10
50 11
44 20
5 4
31 2
11 3
43 3
39 1
32 43
1 32
55 50
1 39
14 8
25 54
48 50
51 22
29 12
60 42
53 6
39 51
34 47
55 13
30 17
46 2
24 1
21 41
46 1
38 14
25 35
53 8
22 6
49 50
32 52
48 10
42 22
32 27
52 55
14 4
25 1
26 30
38 26
55 31
60 33
35 34
47 30
32 59
42 32
19 30
33 9
2 48
1 35
38 58
28 43
28 46
7 13
56 29
32 24
19 1
30 2
25 23
26 60
11 10
48 19
31 25
8 55
56 7
46 26
16 60
52 39
50 23
1 49
36 53
40 37
48 57
60 14
21 30
45 57
48 58
11 13
3 40
34 20
47 8
45 4
16 56
52 46
48 21
4 50
44 10
40 6
46 54
47 56
42 8
41 36
45 51
35 55
36 12
38 31
13 1
7 15
54 49
41 11
45 34
51 44
24 41
20 8
58 5
32 36
30 42
19 60
52 11
37 31
22 35
55 2
58 43
43 21
30 8
53 53
35 42
59 33
34 12
59 13
36 2
40 41
9 3
1 50
58 47
14 38
56 38
50 50
1 22
35 46
33 35
59 1
42 18
59 46
23 31
17 4
49 11
51 41
41 37
7 10
9 10
25 28
40 43
21 40
50 41
10 54
21 20
5 53
3 41
43 31
19 27
35 3
9 58
59 21
33 34
50 59
34 13
54 41
35 31
38 52
34 54
41 43
7 12
47 18
29 60
3 50
10 60
17 30
38 1
48 11
36 1
38 60
28 1
29 53
39 50
5 17
46 7
2 40
19 53
34 21
40 15
47 39
56 6
24 53
7 55
20 3
49 58
32 60
23 27
50 24
16 7
55 45
50 21
1 48
13 52
39 10
49 41
9 60
21 57
7 58
51 51
6 59
28 55
55 55
12 46
5 57
15 32
6 58
48 28
40 29
13 55
19 26
1 2
7 49
19 22
43 10
14 7
16 3
49 37
59 31
52 12
8 45
13 10
35 58
28 57
16 31
31 6
13 48
27 45
51 37
21 32
38 45
55 15
15 25
24 30
28 25
21 21
37 37
23 38
55 11
56 48
3 51
37 28
19 25
24 45
25 59
46 4
8 54
55 19
2 43
34 37
5 14
33 31
24 55
49 34
41 29
24 15
24 22
21 8
10 1
19 59
2 47
15 2
3 16
25 38
17 27
8 7
17 11
2 51
6 54
48 51
29 52
10 57
58 20
37 33
43 11
1 55
52 35
49 25
10 30
40 1
51 23
57 23
39 25
3 54
28 41
4 14
37 52
27 53
45 13
27 18
45 11
46 37
54 58
60 23
17 54
42 5
8 58
57 59
48 43
24 52
59 10
40 32
49 33
40 57
43 13
38 8
58 22
10 51
60 31
39 17
2 21
30 7
41 52
51 49
42 1
36 45
52 34
34 56
19 56
4 51
58 59
49 47
48 60
22 21
13 2
47 31
53 56
56 39
46 6
28 15
27 1
17 19
15 9
21 51
2 49
31 53
28 2
44 23
50 52
39 5
31 58
29 9
55 56
21 7
46 18
2 9
45 38
31 12
47 60
8 51
59 41
27 7
18 23
36 50
1 3
5 48
50 14
59 55
51 57
1 60
44 44
46 16
19 9
39 27
47 45
60 59
46 41
49 42
19 52
35 13
37 36
37 14
13 34
51 55
47 48
41 34
55 24
45 37
58 58
19 51
52 9
48 34
52 52
34 17
49 32
60 35
42 34
6 57
55 58
40 17
50 48
48 20
3 53
26 2
30 33
27 2
43 1
48 25
57 1
43 59
26 13
24 5
43 44
23 29
13 6
48 4
42 16
8 52
44 19
16 55
38 29
38 28
39 44
38 2
16 33
43 43
53 14
50 34
27 15
8 60
48 49
14 24
20 57
46 59
39 32
45 27
3 20
30 5
44 15
5 7
23 4
32 2
60 41
36 22
42 43
13 59
25 34
20 42
48 9
44 37
6 41
24 2
32 23
53 32
58 55
17 2
18 52
27 44
38 5
49 22
40 34
5 13
55 32
60 25
3 5
56 13
35 41
10 3
17 9
52 48
18 49
39 23
30 18
33 1
34 10
51 50
40 19
14 11
60 15
28 28
1 33
55 1
15 24
38 32
55 53
27 33
45 29
47 3
30 54
45 31
13 58
17 55
45 17
49 26
1 15
25 51
37 20
33 6
8 9
56 50
50 5
57 40
3 4
29 38
43 50
16 24
34 4
59 60
3 37
35 18
59 59
47 51
34 28
8 44
16 11
24 23
33 27
44 4
20 53
49 3
37 19
47 10
21 17
27 26
13 5
24 24
42 25
41 39
18 34
59 40
40 44
51 26
53 31
58 23
59 56
32 53
7 45
47 27
38 56
59 18
20 17
55 30
21 31
46 58
49 49
45 6
40 25
57 37
42 19
59 20
36 48
35 1
55 38
22 52
30 50
23 36
39 2
28 26
59 44
29 15
45 49
14 9
46 38
9 14
8 12
45 21
51 14
47 33
41 19
2 19
56 5
6 1
60 5
54 3
50 6
44 11
7 53
5 51
49 6
36 3
47 12
18 56
35 39
16 49
44 55
15 26
18 24
28 56
26 26
41 41
53 5
60 49
46 50
11 49
2 39
1 38
38 33
57 9
40 50
15 59
56 58
34 19
8 13
3 17
56 17
26 40
7 59
28 30
24 57
37 50
54 35
40 54
5 43
36 5
8 3
48 52
50 49
54 60
44 2
27 8
44 27
29 14
2 42
32 33
57 50
15 50
38 27
45 15
33 13
32 55
8 4
24 56
60 10
54 47
53 35
23 33
4 9
58 9
57 18
26 58
18 27
52 30
9 56
19 50
39 15
32 5
11 48
23 24
45 3
49 36
11 45
53 29
48 53
26 54
22 4
19 37
59 53
22 24
22 19
13 50
22 36
51 34
53 28
6 50
52 51
43 2
1 5
51 6
16 6
55 7
28 42
49 60
46 8
42 7
26 56
43 60
3 13
26 7
12 50
25 52
51 3
24 18
54 34
38 54
3 43
1 54
18 4
15 3
54 26
15 38
35 27
5 44
52 31
39 28
37 17
29 33
9 52
9 57
39 41
35 50
54 25
42 3
43 7
40 5
8 50
38 22
39 56
47 24
20 41
54 44
42 10
53 1
21 6
16 4
36 24
9 54
2 38
43 36
23 2
4 7
39 29
60 54
40 42
6 60
24 28
26 27
56 3
23 5
17 22
5 59
20 52
50 13
40 14
59 11
22 60
52 13
6 10
35 4
54 32
2 55
48 12
13 11
53 45
22 29
31 33
11 60
1 12
49 20
50 60
40 39
38 44
33 41
39 30
39 59
32 56
22 30
22 38
2 18
11 47
4 2
59 19
60 45
52 32
26 59
46 49
36 38
18 29
23 8
8 56
28 59
41 14
12 29
39 31
15 21
48 29
33 47
55 20
24 6
53 55
20 29
15 12
14 60
18 9
47 26
44 9
19 55
35 45
55 60
48 32
15 48
18 1
4 47
18 55
14 54
3 44
52 50
51 33
22 23
38 21
2 14
57 7
42 38
27 28
34 30
6 52
27 58
4 20
52 43
24 39
26 31
55 52
21 29
54 53
1 47
60 24
15 55
22 1
8 46
43 28
27 3
48 1
53 15
34 50
49 18
57 38
54 27
41 55
5 55
15 28
7 46
39 38
52 58
54 46
36 59
43 37
55 54
24 33
29 27
56 57
14 5
38 46
39 7
38 17
8 49
37 48
39 53
22 3
22 18
54 6
52 33
13 60
56 40
51 43
22 58
18 8
46 19
45 22
8 6
18 21
51 38
36 57
5 54
8 59
15 57
36 13
4 53
29 4
58 2
58 60
56 53
41 40
57 4
32 44
22 37
3 3
37 51
23 15
32 51
45 58
22 42
43 20
14 51
28 3
39 40
44 34
2 1
56 21
10 49
36 49
37 46
35 15
56 56
52 15
25 53
60 21
58 46
1 7
28 5
14 58
31 3
36 31
6 8
7 6
34 58
11 55
17 32
36 23
43 29
47 40
3 45
5 11
42 20
57 58
51 11
3 38
14 25
44 35
25 4
4 54
27 43
33 46
18 51
38 53
9 48
9 15
6 6
55 5
18 28
35 51
46 45
26 1
4 56
19 33
43 33
44 58
9 9
44 54
15 53
47 36
44 7
8 10
18 53
18 35
5 3
15 35
2 24
6 2
10 48
6 11
26 14
12 8
23 43
3 18
17 28
2 11
54 59
51 29
45 45
45 10
60 28
59 3
39 22
21 37
10 55
29 30
41 38
23 51
24 60
35 35
32 57
37 23
35 60
6 17
51 52
51 40
18 38
60 30
15 37
4 58
18 31
52 54
47 5
42 33
47 4
11 57
49 48
21 28
29 26
47 11
33 37
24 8
45 32
2 36
4 45
17 20
1 56
17 50
59 43
34 15
44 56
41 22
25 16
43 5
53 59
52 24
59 23
49 46
36 35
3 58
59 2
22 51
42 54
13 47
31 29
46 60
35 14
39 39
57 11
36 18
33 19
20 39
24 36
34 5
34 43
6 13
42 42
53 27
51 47
9 47
49 23
33 38
46 51
15 10
1 45
43 45
5 41
17 53
24 17
9 2
1 59
21 38
58 53
46 44
6 4
43 22
60 27
60 29
55 57
59 7
45 18
11 11
29 13
23 53
23 52
47 53
15 34
6 3
15 1
51 39
50 36
24 31
45 7
7 4
34 14
2 6
55 3
51 31
15 30
57 2
13 49
43 27
48 55
40 56
35 21
10 45
48 37
53 3
54 8
19 19
44 13
25 19
36 27
22 34
8 57
59 47
36 34
32 1
42 58
53 58
48 26
27 56
38 42
53 47
48 24
4 41
13 56
18 60
36 39
60 36
21 50
6 9
16 39
60 57
15 58
17 56
33 45
28 16
1 17
43 23
22 27
23 40
38 18
45 39
36 46
53 60
35 20
38 41
37 57
40 45
32 22
16 2
1 23
41 56
56 47
21 44
50 1
52 45
2 25
34 49
5 18
16 20
44 45
45 24
29 39
23 26
1 19
51 30
36 26
40 38
53 25
57 10
36 6
21 1
12 48
10 58
13 51
9 50
53 13
54 10
24 38
34 3
28 23
44 39
42 49
39 24
40 60
37 8
55 9
24 4
43 12
37 1
26 8
35 19
44 50
1 11
33 21
21 56
49 53
45 20
2 5
51 24
52 28
40 8
25 27
41 59
37 18
48 5
59 51
38 6
40 9
52 49
11 2
45 59
51 25
16 22
9 5
12 49
54 28
6 12
22 40
11 59
31 35
53 2
45 28
12 47
24 26
31 28
37 60
18 19
10 2
38 34
36 30
52 29
57 54
12 58
50 53
14 30
37 54
47 57
39 58
20 33
21 26
24 29
37 34
16 28
5 1
45 52
46 40
43 6
14 1
23 3
20 60
35 33
34 32
10 5
14 59
45 41
21 9
9 53
19 5
52 59
52 26
30 28
12 1
1 46
52 53
40 30
39 37
18 50
1 16
26 42
22 44
30 56
57 42
50 9
40 40
16 58
25 7
33 56
24 7
28 32
27 32
10 47
42 26
45 1
25 33
39 36
5 45
2 4
30 24
7 51
51 21
28 54
19 29
11 53
23 56
19 18
58 33
31 52
56 37
37 9
12 6
19 36
43 49
54 31
41 17
51 5
30 29
38 30
34 44
46 43
38 10
36 4
57 57
6 46
44 31
22 57
53 51
1 36
23 25
60 11
25 40
53 24
38 23
44 60
45 5
42 37
28 21
25 30
30 59
53 23
42 39
54 29
52 3
21 35
36 28
15 51
35 2
39 9
9 59
40 36
43 9
20 40
15 27
58 40
39 54
32 28
49 4
8 47
31 34
10 44
33 51
28 52
36 33
53 9
49 24
13 4
50 10
58 41
54 56
41 57
16 48
23 35
53 49
31 13
53 4
16 54
55 47
52 4
40 16
21 19
34 8
44 40
55 14
16 36
44 24
32 17
47 38
12 10
60 32
25 58
49 56
48 46
27 6
43 25
29 21
38 24
37 59
49 12
29 1
45 50
20 18
8 16
36 60
32 13
54 52
1 24
53 33
7 7
8 8
12 56
14 56
19 58
21 16
16 35
54 11
57 36
15 33
20 21
49 7
45 30
58 12
9 55
2 16
22 31
22 9
47 20
40 20
35 23
11 1
19 4
60 13
30 12
57 20
50 57
35 25
20 37
50 4
20 20
39 18
28 51
53 50
1 26
30 58
32 35
20 36
35 24
46 48
40 10
8 2
19 34
23 16
32 8
47 14
41 10
12 53
40 35
11 12
8 48
8 11
47 17
54 4
15 29
34 25
37 38
52 60
24 51
43 24
33 40
36 19
55 33
53 41
11 14
26 29
51 15
57 56
39 35
55 18
59 36
48 54
20 59
12 60
18 59
4 55
15 31
45 42
53 44
27 57
33 18
17 10
25 15
60 1
32 20
22 2
51 46
44 59
31 50
45 2
27 13
47 37
51 4
26 51
24 43
11 51
54 24
16 23
25 26
2 46
21 52
33 5
32 29
2 44
5 50
9 12
53 7
41 35
13 57
26 33
21 42
7 3
3 21
45 54
3 56
48 7
37 26
58 4
47 23
33 60
17 60
8 5
20 38
20 30
34 24
44 49
54 7
19 23
8 1
18 18
3 42
41 1
2 10
1 37
4 39
56 4
34 9
22 39
20 51
41 23
50 51
34 38
27 14
39 52
48 35
47 59
37 2
18 10
30 34
23 55
26 32
44 43
3 6
29 56
42 50
35 5
17 23
56 2
18 57
13 28
18 36
1 21
2 20
35 32
1 31
2 53
56 19
56 18
30 32
42 23
31 31
44 26
25 57
58 1
20 22
58 42
50 20
52 16
10 50
55 4
34 35
30 4
23 32
56 41
34 33
4 5
3 8
28 13
20 25
30 1
1 42
34 55
6 14
58 3
44 33
14 53
38 59
36 58
35 12
59 57
47 6
33 2
56 1
33 30
9 44
56 51
5 6
33 39
15 4
41 4
25 31
2 52
32 19
47 34
17 8
23 7
57 6
57 5
15 56
36 55
41 53
2 22
60 47
38 57
39 19
38 9
48 40
41 51
16 32
26 17
47 41
43 54
46 3
47 54
40 23
35 37
30 51
48 31
49 30
39 57
6 56
37 44
58 21
58 37
48 42
20 4
50 7
24 27
11 9
6 43
24 35
2 45
18 22
35 30
36 54
7 44
50 15
12 3
21 4
45 40
12 9
33 4
10 13
39 21
14 48
4 19
1 6
34 29
20 58
9 29
37 10
29 42
47 16
20 27
49 57
36 8
3 59
12 51
38 20
58 38
46 32
59 32
21 58
50 40
7 1
34 1
38 3
43 55
54 13
43 34
18 37
37 25
55 29
35 40
41 7
29 7
10 8
44 36
44 48
56 42
49 5
48 3
27 27
58 39
20 56
20 19
40 24
31 22
9 13
21 18
24 44
43 17
9 49
25 2
48 47
27 59
33 44
29 36
59 25
43 53
44 5
21 39
54 45
49 35
52 27
7 57
22 26
46 17
49 51
10 56
51 28
7 2
37 5
53 26
32 46
44 1
10 53
49 40
11 46
26 28
55 49
29 22
51 32
59 39
49 8
50 56
22 53
15 60
39 16
17 59
10 52
57 51
44 52
21 33
21 53
52 5
48 18
34 53
41 18
6 16
19 3
26 41
55 10
37 6
7 9
27 37
1 28
51 53
29 58
18 7
44 12
59 14
9 51
39 8
15 8
27 41
42 60
38 19
7 60
1 1
3 23
44 30
6 53
43 52
1 57
33 36
50 35
2 57
54 30
25 43
29 2
5 60
26 52
34 40
43 39
47 35
42 52
39 33
37 7
37 42
51 48
35 28
38 49
2 12
49 1
42 21
6 55
20 6
23 42
22 32
47 44
14 49
60 3
12 57
33 53
35 10
11 8
54 12
48 36
1 8
29 20
11 7
51 13
40 27
28 8
17 26
35 44
47 55
29 55
28 35
17 21
30 30
46 20
25 6
33 8
59 35
45 56
24 3
14 10
7 17
12 7
50 22
50 42
48 23
10 9
27 17
17 36
2 50
2 33
25 60
36 56
29 3
45 47
36 9
47 43
1 52
28 33
42 35
15 23
60 4
55 39
12 4
29 59
24 50
17 31
53 11
54 16
25 39
55 25
52 22
23 6
28 7
19 17
32 7
25 29
55 48
22 22
6 47
27 60
21 27
41 58
4 13
4 17
29 5
16 9
30 36
51 7
4 38
33 15
9 1
27 51
46 39
56 10
47 29
57 14
53 34
60 46
21 34
5 9
42 41
35 52
45 16
24 34
43 4
59 34
14 6
37 24
16 53
25 18
58 34
56 8
17 33
43 32
40 28
27 4
33 14
25 24
42 9
49 13
48 30
41 42
43 40
50 3
17 52
33 3
21 3
15 11
4 46
2 56
57 49
49 2
53 48
38 25
28 22
40 18
34 57
35 56
19 39
28 20
30 6
44 57
37 13
52 6
46 30
45 55
54 33
26 57
48 33
14 26
30 57
4 12
23 59
28 60
23 22
20 2
24 16
30 3
19 35
25 3
22 41
17 3
20 55
16 59
41 20
57 60
49 9
8 15
1 43
5 56
20 26
22 20
30 55
9 4
17 7
59 38
30 60
34 16
49 28
44 17
33 42
42 55
20 1
40 2
52 37
32 39
28 38
50 55
56 20
59 37
39 26
41 9
24 42
45 43
34 2
50 26
14 12
33 57
49 21
37 29
26 4
16 38
33 29
50 45
35 54
42 24
3 11
6 18
55 26
7 47
56 54
25 56
11 6
28 27
16 50
45 48
28 14
29 35
53 36
33 59
27 16
39 20
45 19
32 21
52 44
47 9
6 49
59 58
32 4
21 43
4 52
45 9
23 21
17 49
38 51
37 4
52 10
22 7
16 34
58 18
11 4
36 36
35 57
60 56
47 49
17 57
31 56
44 25
40 53
7 5
39 42
42 53
30 16
45 44
45 8
7 50
19 6
27 30
33 24
13 31
27 55
48 27
51 60
16 29
48 56
33 28
58 25
38 48
14 33
17 35
2 41
47 28
35 6
42 44
35 59
36 16
48 17
23 37
5 46
2 59
48 41
30 52
59 52
21 60
9 11
53 57
10 59
28 45
26 5
54 9
43 51
47 52
53 46
22 43
24 21
34 51
14 57
36 15
3 19
42 56
25 32
46 9
41 2
49 43
42 4
60 43
29 37
57 21
10 6
12 11
29 57
55 35
50 12
56 11
44 29
52 1
52 25
14 3
49 14
44 6
53 10
33 26
30 46
5 40
21 36
4 60
1 25
16 1
39 55
49 59
37 11
38 50
37 15
46 12
31 60
53 16
3 35
48 2
48 13
11 56
35 38
1 13
42 12
34 31
14 32
50 39
34 7
39 4
51 1
9 7
27 39
15 52
1 14
58 19
60 55
42 40
20 23
23 50
24 19
37 21
38 15
5 15
46 13
31 30
42 11
3 46
23 23
2 23
4 6
37 22
52 57
25 42
28 9
59 24
22 56
10 10
44 51
38 13
38 36
5 47
3 15
30 9
40 21
3 7
34 46
36 43
10 46
46 27
31 1
15 54
37 55
35 53
60 18
13 7
2 54
30 53
59 12
37 56
40 58
51 56
54 50
24 58
33 54
49 38
51 10
34 27
50 33
4 21
44 8
17 48
25 17
41 3
36 20
7 14
40 52
18 58
11 58
17 6
36 29
9 8
31 59
32 58
28 4
50 38
33 17
5 12
43 8
30 39
40 11
38 40
22 16
41 54
52 8
56 9
4 57
27 40
60 22
4 59
19 28
31 7
14 2
21 55
37 30
31 51
36 21
27 52
41 45
36 10
53 52
21 5
39 13
29 43
26 3
19 57
7 54
59 22
4 15
4 1
32 37
22 55
3 14
53 17
4 18
18 30
24 25
58 35
35 47
20 7
50 47
31 5
22 59
26 45
32 30
16 26
10 11
4 43
1 51
48 6
18 33
11 5
6 15
46 53
36 42
35 43
46 42
47 25
48 48
28 24
28 39
57 39
28 58
19 31
23 34
37 43
1 20
4 10
27 29
1 30
51 59
13 54
43 35
12 2
20 28
12 59
27 5
43 41
21 23
32 16
18 2
23 30
3 22
34 18
28 34
44 18
17 29
9 45
54 55
