50
31 2
20 7
3 10
39 17
19 1
26 44
22 41
6 49
0 32
45 8
44 30
21 24
10 7
48 14
40 23
32 37
28 12
47 11
1 34
37 16
35 8
4 45
30 14
45 19
38 13
40 11
6 3
24 6
16 17
44 32
43 7
6 14
38 21
1 16
1 33
7 42
36 15
16 5
27 27
38 23
8 48
44 19
48 18
9 9
0 5
44 31
46 48
33 4
19 8
47 32
41 22
18 0
34 34
4 10
27 31
35 39
43 40
29 3
13 5
29 41
17 8
30 5
48 0
33 6
25 0
44 18
33 37
17 25
2 43
42 28
22 8
1 8
46 31
19 19
23 31
26 39
25 27
35 22
25 2
5 46
42 25
5 5
14 31
25 26
37 31
20 18
11 48
44 39
16 33
30 34
17 49
40 7
12 1
32 20
21 29
7 4
2 49
41 9
32 42
7 7
49 27
34 9
48 5
41 4
31 18
40 6
47 0
0 23
0 48
34 21
13 6
33 22
32 23
30 2
21 5
1 41
34 24
41 0
22 4
32 43
20 32
1 18
26 16
25 25
18 5
24 15
41 49
22 24
10 10
47 8
46 37
20 8
17 9
2 5
23 15
25 7
6 2
0 49
36 21
17 31
45 46
35 13
35 3
48 21
40 16
19 20
13 25
13 24
31 29
22 33
34 12
46 10
3 3
29 25
40 5
11 6
2 21
31 39
27 13
38 49
8 13
14 37
48 46
33 16
43 47
36 7
44 11
28 32
19 32
41 40
30 6
36 38
25 31
37 22
27 2
24 34
45 42
20 17
47 31
21 41
43 29
4 40
43 32
37 17
26 25
37 7
12 3
45 17
42 29
23 26
3 46
21 15
30 4
17 24
22 19
36 14
0 30
6 45
46 5
46 23
14 32
29 5
15 2
17 4
36 23
14 48
14 23
0 24
24 3
9 8
4 48
22 27
19 5
38 6
3 44
27 5
15 26
37 49
43 11
23 41
9 44
39 30
19 30
15 28
5 45
46 43
42 26
1 12
35 16
45 10
48 44
26 4
1 2
45 49
16 8
0 35
39 3
19 28
10 0
37 21
2 38
4 0
49 23
17 27
33 3
21 37
26 15
22 17
14 26
48 36
31 1
47 40
24 27
37 5
41 20
18 1
19 16
31 44
31 27
39 13
27 8
17 26
0 29
40 14
5 47
27 40
14 24
44 43
33 29
46 42
25 44
13 23
44 3
13 27
41 3
22 40
22 20
36 5
0 13
26 3
4 15
35 25
30 32
33 15
45 20
45 4
44 22
43 48
35 27
40 41
38 4
24 21
15 27
4 49
19 37
17 6
44 48
49 44
29 14
36 25
36 24
23 17
17 29
34 4
33 44
38 5
32 24
30 18
15 33
43 25
22 6
9 1
35 33
0 18
36 43
45 37
43 41
14 25
12 9
38 37
44 6
31 15
42 36
29 4
27 12
5 41
20 49
40 19
18 18
43 36
37 9
1 0
39 15
48 43
48 47
41 10
41 41
14 29
34 13
0 47
2 18
15 9
18 30
33 35
47 13
31 12
35 31
27 6
38 2
46 30
47 27
34 49
28 28
34 16
28 27
21 43
6 41
4 13
37 23
48 49
29 6
33 12
22 18
47 37
24 2
46 12
48 35
27 15
34 32
45 12
48 40
17 16
15 7
35 38
27 19
4 7
24 14
21 35
37 18
2 35
0 2
35 36
34 2
39 24
36 49
22 1
2 1
38 16
27 29
47 46
36 40
34 39
23 43
9 47
41 23
47 29
34 31
25 24
23 1
38 43
36 17
0 42
43 21
37 12
21 30
13 26
0 19
42 18
41 21
1 5
44 0
49 43
19 0
33 28
38 0
42 23
35 7
37 27
1 15
40 39
46 33
49 39
24 8
0 41
43 33
4 9
6 48
29 23
0 25
2 41
35 40
41 47
34 40
21 49
13 2
19 34
1 6
0 12
30 15
34 1
33 17
47 26
37 33
38 44
17 48
21 17
20 34
0 4
36 18
12 0
49 22
25 28
6 6
1 43
40 35
32 22
23 4
42 6
36 36
20 0
26 26
43 5
14 9
42 46
2 44
35 4
44 8
33 13
2 4
36 32
39 4
20 3
9 11
37 13
42 8
1 1
42 0
8 8
42 41
36 0
32 28
43 4
39 38
22 25
9 45
2 17
27 45
15 22
34 27
37 19
22 3
36 41
14 27
2 6
41 39
42 39
23 42
47 47
44 47
25 32
40 34
0 1
37 25
2 2
44 49
1 14
26 0
1 40
46 28
23 28
18 23
27 37
31 42
6 42
5 4
45 18
6 13
43 24
1 46
45 41
15 30
2 3
32 19
17 22
41 6
16 18
45 16
16 7
37 48
21 22
12 4
29 1
31 37
43 30
25 12
14 7
34 25
31 19
32 30
6 46
35 10
48 1
2 8
48 12
1 49
35 5
0 21
10 2
13 49
41 32
15 8
38 7
22 36
39 7
12 5
30 28
37 24
4 2
21 6
33 38
24 23
14 4
49 47
6 44
1 11
39 29
17 20
43 42
41 25
0 6
38 34
29 22
9 2
28 0
18 37
14 22
48 2
46 22
35 49
17 19
32 17
3 43
41 8
2 45
26 14
33 0
18 28
2 11
7 48
47 10
28 6
31 22
1 39
23 8
38 15
44 38
33 20
47 17
29 34
39 14
5 15
38 35
28 1
0 14
46 47
27 36
14 30
16 32
4 43
24 24
47 30
20 23
19 33
23 34
47 2
34 35
19 7
27 43
0 11
2 46
49 36
33 31
25 5
23 23
46 16
44 36
33 5
44 26
43 17
46 17
6 11
17 23
26 29
48 10
22 30
44 12
2 20
23 20
43 34
2 14
36 12
4 44
10 28
14 28
44 41
1 48
32 6
21 33
43 0
35 26
18 4
15 21
24 30
18 7
22 35
41 16
16 20
27 21
15 0
46 25
37 0
2 19
44 40
27 33
28 3
0 22
20 39
4 46
35 12
23 36
43 23
44 28
5 16
4 16
40 48
13 3
15 5
44 5
29 33
20 41
2 7
3 38
10 29
47 1
8 46
33 7
22 23
46 32
14 0
30 0
26 41
17 1
42 16
47 34
25 30
36 11
29 29
43 49
38 12
48 41
2 12
5 12
23 22
26 31
35 18
47 4
9 6
36 42
20 19
46 11
31 6
24 41
34 41
18 27
18 16
3 42
28 4
17 21
0 0
35 23
47 21
38 26
23 24
14 10
3 14
35 30
38 27
32 32
1 24
40 1
9 12
1 44
5 3
42 3
3 15
30 31
37 43
38 8
11 9
24 5
3 2
45 6
31 28
32 12
18 49
16 21
30 45
37 30
2 37
49 1
1 35
33 40
34 7
33 41
35 37
31 4
43 14
11 1
4 39
17 0
47 23
46 24
16 19
39 44
37 38
39 49
13 31
35 11
32 8
23 18
24 20
13 47
32 0
24 33
36 6
20 33
49 20
43 19
32 33
46 38
34 33
38 42
47 9
33 34
49 14
40 44
13 9
21 1
36 4
40 4
49 25
39 25
38 22
30 29
36 33
10 44
5 6
17 34
4 4
48 26
5 7
40 13
24 25
29 2
6 9
2 42
44 20
15 49
16 30
13 0
46 39
40 37
2 36
34 45
49 12
3 47
23 14
11 12
1 45
22 37
47 18
19 39
1 7
42 44
13 11
16 48
43 43
42 9
40 46
5 11
6 15
48 20
1 23
38 40
35 21
4 18
27 3
12 11
36 1
21 8
42 27
4 1
34 6
37 37
4 11
49 40
39 22
35 34
44 16
24 28
34 36
24 26
0 37
9 46
32 16
24 43
39 40
39 39
46 21
4 38
23 21
38 20
28 44
25 8
33 42
39 11
10 49
35 24
36 31
16 6
47 43
42 47
48 38
49 15
39 20
22 21
39 37
21 16
49 24
47 12
10 12
46 6
37 3
8 43
33 33
47 16
33 26
17 7
19 49
23 33
6 12
37 28
33 45
22 29
26 37
28 43
23 32
0 3
18 39
34 30
14 3
16 28
21 3
41 42
20 4
48 22
3 40
39 8
28 2
34 19
38 31
30 8
7 12
19 31
33 23
47 42
47 22
7 3
18 31
35 15
35 41
37 45
43 35
29 39
19 29
37 14
8 7
32 3
0 33
1 42
31 33
3 6
24 4
13 8
41 19
23 39
40 21
7 45
42 32
24 13
38 10
33 27
5 43
46 18
48 17
10 9
35 0
19 4
9 7
23 35
46 0
42 20
45 47
49 33
10 48
30 22
15 1
18 40
41 33
16 34
46 4
0 16
7 46
13 10
40 40
19 23
32 7
41 38
43 3
20 22
32 34
21 27
7 44
39 27
22 14
45 2
12 47
10 1
3 45
24 22
37 39
40 15
37 44
33 2
36 28
40 3
44 42
42 5
34 44
33 9
5 9
40 36
34 11
39 32
24 32
31 32
49 37
36 48
15 6
6 1
39 1
1 19
18 35
46 9
12 45
22 7
34 23
31 5
17 28
33 39
12 30
5 10
38 48
23 25
20 35
38 38
20 29
12 28
30 30
12 46
32 26
29 28
7 0
21 19
9 4
10 6
35 29
11 10
49 10
37 4
40 38
3 7
23 2
16 23
37 20
27 44
43 16
34 37
23 16
8 49
29 45
42 19
16 25
1 13
29 16
15 3
27 28
32 31
23 38
14 6
24 35
34 15
38 14
38 17
7 5
45 43
2 40
43 26
6 43
41 1
49 21
21 36
29 40
37 40
42 30
35 17
39 21
21 21
23 29
38 9
45 3
20 40
1 9
32 5
16 24
36 29
16 3
5 1
35 9
49 46
33 19
21 34
36 26
17 33
47 3
13 1
35 20
38 24
26 5
49 19
29 15
43 38
39 9
11 7
15 19
4 3
20 15
13 48
42 15
36 44
39 18
43 15
48 42
5 48
47 38
7 8
2 16
17 18
48 9
8 9
21 40
49 13
29 49
49 49
43 27
49 38
47 33
21 18
0 31
20 24
17 32
29 24
6 0
11 11
20 38
8 47
16 9
25 6
11 49
32 4
12 10
11 0
30 3
37 1
6 47
20 20
42 49
38 18
37 41
47 5
44 25
48 34
26 42
5 44
16 22
43 8
8 1
22 15
16 27
23 13
25 13
27 24
41 18
45 15
10 8
19 35
39 48
35 14
34 17
0 10
15 24
41 36
16 4
5 49
36 39
21 23
41 37
45 1
20 42
0 9
43 28
36 2
11 8
49 9
46 20
0 45
29 31
41 24
31 38
24 36
29 0
6 5
3 16
8 5
25 4
23 37
37 29
30 41
7 14
5 42
29 42
42 37
38 3
6 4
15 47
28 8
34 0
46 35
21 7
18 38
41 11
27 14
4 42
42 14
43 6
1 37
25 29
43 18
41 7
44 2
26 32
39 2
35 42
49 35
25 3
13 30
26 12
10 11
23 5
40 17
18 17
5 8
26 2
38 19
42 34
21 0
40 10
31 35
17 5
7 11
48 23
21 2
3 39
9 49
34 42
49 11
38 25
45 38
18 2
38 45
20 2
31 24
44 21
23 19
42 2
9 48
31 34
46 7
28 5
42 10
13 28
19 15
10 4
25 1
19 22
44 14
33 43
32 40
36 16
5 40
43 22
31 45
22 39
19 38
15 4
31 0
49 2
3 11
2 47
20 26
42 22
22 34
35 6
8 6
36 20
33 21
48 8
45 39
1 22
48 32
21 26
19 2
4 41
39 28
19 6
14 5
43 39
15 38
46 46
9 0
8 4
49 34
3 4
44 15
46 27
20 1
0 8
2 15
48 19
8 3
6 7
40 49
12 6
4 12
18 33
3 5
18 19
45 11
46 19
37 15
7 47
19 3
33 14
32 36
23 0
20 6
35 44
32 29
27 7
16 49
34 14
20 27
45 44
44 10
14 47
38 41
33 30
49 0
3 1
26 45
25 43
18 20
0 17
31 23
26 17
22 0
39 33
39 43
43 46
19 21
36 34
18 25
46 29
26 30
34 29
0 15
10 5
34 26
37 36
49 28
26 6
22 5
29 32
24 29
41 35
40 0
35 43
19 40
18 9
9 13
39 19
44 4
33 25
11 5
0 46
41 27
30 38
33 36
22 43
34 43
19 17
0 27
9 28
3 18
43 12
34 3
18 48
45 9
49 26
49 48
22 28
46 1
18 36
35 45
47 41
40 20
8 12
19 18
31 8
11 4
34 22
41 15
10 3
47 48
18 8
3 13
37 35
22 16
7 49
2 10
49 29
42 31
38 39
18 24
19 27
27 1
37 8
21 28
47 25
32 25
14 2
31 30
34 8
22 32
22 22
36 3
38 28
37 2
23 3
39 5
19 26
26 43
47 6
11 3
18 29
18 21
11 2
3 37
30 1
10 47
26 7
42 1
16 26
45 14
17 30
13 4
21 4
14 8
0 26
46 15
30 7
42 40
19 36
27 25
36 37
0 28
24 44
21 38
47 7
12 49
44 9
31 11
24 19
0 34
45 40
1 21
46 2
44 24
39 16
16 0
1 17
24 0
35 35
41 14
0 38
1 3
19 24
15 10
49 6
5 13
40 47
48 13
46 26
48 30
42 48
15 25
46 49
46 3
40 33
8 11
36 9
45 0
11 46
7 1
22 38
49 30
49 3
15 48
17 3
43 37
4 6
3 9
7 43
7 10
20 21
16 31
32 38
20 5
20 25
36 8
18 34
3 48
13 46
43 1
41 26
49 7
42 4
42 24
48 4
34 20
21 42
12 48
37 42
35 28
8 45
32 13
0 40
12 7
41 17
42 42
26 8
46 8
3 17
27 26
23 6
30 27
20 30
4 8
39 10
36 13
11 45
20 37
2 39
3 0
32 27
4 17
24 42
48 33
2 9
42 17
48 48
21 25
32 45
4 47
40 8
8 44
49 18
18 6
43 20
48 25
3 41
21 32
47 45
44 1
1 4
47 19
31 21
12 2
8 2
31 7
43 31
48 11
27 42
44 7
19 41
38 33
32 35
36 30
3 12
42 33
8 10
24 31
0 44
4 5
47 35
47 36
49 5
31 3
18 32
9 3
44 29
47 39
1 38
28 45
48 6
6 10
15 31
26 27
40 2
15 23
5 2
49 45
38 1
18 22
2 13
41 5
37 26
1 20
4 14
49 4
37 6
32 44
46 44
24 40
0 7
32 1
45 5
47 49
15 32
38 30
43 10
20 36
17 2
39 42
35 19
46 40
38 29
27 41
16 29
22 42
23 7
18 3
15 29
11 47
28 7
42 38
39 36
16 1
18 26
45 7
40 42
29 7
49 32
35 1
7 13
17 17
41 44
36 22
1 10
48 3
0 39
7 6
34 18
38 36
13 22
23 40
10 45
42 7
0 43
14 1
32 2
44 27
39 6
36 19
47 20
0 36
43 2
17 35
44 17
47 28
15 20
49 8
1 47
8 0
34 28
46 41
36 35
32 21
20 31
26 40
39 23
22 2
13 7
44 46
40 9
49 31
26 13
0 20
40 22
27 16
33 11
43 9
2 0
48 24
24 7
26 1
21 39
39 41
36 27
48 45
9 10
42 21
22 26
27 30
9 5
34 38
5 14
41 34
40 18
40 43
33 8
23 27
39 0
2 48
21 20
10 46
48 39
19 25
5 0
33 24
37 32
41 43
35 32
20 16
42 35
27 4
16 2
37 34
27 32
32 11
36 45
17 36
6 8
3 49
48 31
14 49
26 38
7 9
41 2
21 14
1 36
22 31
3 8
19 42
3 19
7 2
33 1
27 20
42 43
21 31
45 48
34 5
39 35
30 42
33 32
23 30
20 28
46 36
27 0
39 34
47 24
46 34
12 8
48 7
32 41
24 1
48 37
38 32
33 18
35 2
44 37
29 8
