50
30 23
47 2
28 0
15 18
0 8
27 23
31 35
33 32
43 31
41 35
22 13
37 32
22 4
21 31
4 2
29 25
21 35
2 38
23 26
39 47
20 13
4 31
22 36
45 4
49 5
3 1
45 43
22 41
32 2
37 29
26 11
16 5
44 20
21 33
37 42
25 25
2 10
33 8
9 26
21 4
32 4
20 2
3 45
21 42
14 43
34 16
44 25
44 28
38 36
47 6
22 16
42 35
25 1
48 47
17 16
45 44
30 21
8 6
21 28
24 11
13 17
38 12
0 25
6 6
11 48
5 49
14 47
21 22
29 12
49 16
41 48
43 49
48 41
44 36
10 18
5 48
45 42
26 48
18 20
19 47
41 5
19 2
49 25
37 48
16 33
40 2
38 20
11 27
18 0
32 3
17 2
37 1
48 8
13 30
48 5
48 24
24 13
43 23
40 6
2 9
33 3
36 8
46 45
3 39
30 35
0 39
47 36
32 41
49 9
35 19
46 36
11 0
15 0
7 7
40 47
35 17
31 12
42 14
20 18
6 39
45 12
15 4
12 6
38 31
46 37
31 36
17 24
32 45
44 42
22 33
20 33
42 9
35 21
43 48
36 25
35 48
33 16
35 15
43 1
36 32
0 7
36 39
17 1
26 42
48 36
0 3
47 24
42 47
24 43
15 33
33 5
19 1
28 12
45 21
8 49
15 21
29 15
6 3
22 5
39 44
19 32
14 29
7 40
21 0
43 37
36 34
45 47
15 46
32 18
47 10
49 40
34 45
38 25
43 43
2 2
43 10
31 21
32 40
34 18
22 35
38 37
48 6
25 34
37 44
25 22
44 45
18 30
42 18
29 11
30 17
6 38
7 49
0 18
14 16
16 46
1 45
36 12
6 45
43 27
34 22
43 38
24 26
49 23
44 4
33 7
49 32
44 11
32 46
35 14
39 28
35 23
26 4
4 7
49 44
49 8
8 1
30 49
40 17
43 42
33 48
25 37
41 41
6 40
2 33
38 13
45 0
28 45
1 32
26 22
25 30
23 29
46 4
11 6
32 35
30 45
0 4
4 43
19 42
48 45
34 37
43 32
17 43
20 22
35 34
16 25
8 3
24 27
45 5
45 10
45 13
42 4
31 26
19 6
19 30
41 33
10 41
48 0
2 35
25 5
37 8
44 1
8 43
3 6
10 17
1 48
37 31
45 45
43 39
36 6
0 5
5 2
49 34
23 12
46 25
32 25
17 4
34 30
19 34
3 4
21 45
24 23
13 48
45 1
44 27
43 3
38 5
27 35
46 5
0 15
42 10
47 14
43 7
38 16
19 20
40 3
33 23
0 13
39 34
6 44
18 34
13 42
35 43
39 41
22 3
27 47
23 7
5 47
16 48
23 0
34 15
43 0
18 14
14 19
32 23
33 36
11 5
23 23
1 6
42 40
13 20
3 46
20 26
18 21
46 39
25 16
20 44
20 47
40 23
6 43
27 37
39 14
23 2
13 29
17 44
22 17
35 22
7 2
30 27
31 42
3 40
21 6
44 23
15 44
23 6
12 4
29 47
14 1
11 4
36 35
31 16
47 8
4 5
14 3
32 34
16 2
2 46
2 31
23 4
26 35
24 22
29 46
42 3
18 18
2 34
9 1
0 45
27 22
0 2
17 17
18 31
43 44
38 19
2 7
41 15
21 48
45 18
34 36
0 43
4 47
3 37
13 41
18 25
18 45
6 4
7 4
10 2
23 14
12 30
15 25
42 5
25 12
42 30
45 28
47 16
42 17
30 3
39 12
20 34
38 18
34 49
32 9
42 16
19 19
33 27
29 42
19 17
4 46
47 5
37 35
23 28
1 1
15 28
35 16
46 28
41 49
31 44
15 43
35 28
40 7
0 31
42 2
44 18
34 27
39 25
39 21
46 12
11 43
10 46
31 18
17 42
31 25
20 0
23 25
2 37
38 48
46 24
27 46
30 8
26 1
1 4
33 17
45 38
3 9
20 23
25 33
37 3
39 43
34 25
31 23
35 6
22 49
9 43
33 40
39 17
13 26
38 44
44 9
18 48
42 23
5 46
39 18
22 43
44 41
14 25
32 29
28 47
45 22
39 38
43 24
13 46
13 2
21 15
47 9
47 3
27 11
31 34
24 42
2 42
35 24
17 18
31 3
4 39
22 46
34 13
39 45
1 49
47 0
42 42
47 13
1 27
34 46
37 28
30 41
43 22
12 23
44 38
35 11
15 26
25 43
31 2
14 27
21 19
25 26
15 19
36 28
38 23
40 14
3 7
16 0
12 43
32 47
18 28
37 0
44 7
34 12
29 40
2 45
16 4
32 22
35 40
47 20
36 36
14 4
23 20
12 29
31 17
45 49
5 44
45 20
35 13
15 20
36 44
18 33
29 27
18 32
27 27
19 23
47 21
3 3
24 48
44 0
35 7
35 27
39 29
17 32
12 0
48 32
38 15
0 17
22 25
17 27
21 1
32 37
10 3
18 22
35 45
42 1
16 20
16 45
0 29
45 8
33 22
6 47
38 45
46 46
8 42
39 27
0 37
30 40
33 46
45 23
13 5
35 3
46 48
31 13
0 34
28 41
33 14
48 37
32 11
32 44
22 34
12 2
21 49
0 36
21 20
28 48
37 2
10 44
34 35
44 8
47 37
17 29
39 32
38 28
14 42
2 32
0 30
14 32
37 7
37 49
16 18
27 6
40 43
23 35
40 40
4 3
15 31
31 31
39 3
21 2
18 19
38 7
4 44
4 1
33 15
38 47
39 19
15 29
47 43
6 48
33 41
48 3
10 48
3 34
48 14
11 45
29 41
22 20
4 4
40 22
47 44
4 36
20 29
24 12
35 30
14 45
44 30
29 24
3 11
16 17
42 21
45 14
46 38
47 42
37 9
21 14
40 44
0 33
2 41
46 11
33 13
33 18
40 34
22 29
22 6
1 7
6 2
35 41
31 15
8 2
42 46
0 35
46 14
26 49
42 38
4 10
39 26
0 46
48 48
35 32
27 13
35 12
21 29
1 29
30 16
29 7
48 1
41 39
35 49
3 10
38 34
39 42
40 29
40 8
25 48
17 5
6 41
17 46
7 46
20 17
10 1
27 36
46 49
35 5
16 14
19 35
5 4
30 18
20 19
22 0
23 19
14 44
37 36
38 42
11 46
33 33
48 20
44 22
40 1
19 46
18 1
0 11
42 39
42 28
6 1
16 34
33 35
43 33
26 21
29 35
8 48
47 47
1 15
2 13
22 15
7 45
13 49
21 41
16 26
22 44
23 44
18 24
25 32
45 6
1 12
47 38
27 3
32 12
42 27
4 40
16 49
1 30
22 19
45 9
34 31
18 17
4 49
6 8
26 47
42 44
25 17
32 5
26 6
39 23
38 9
49 31
28 42
43 30
5 7
33 25
17 15
37 20
40 13
49 18
30 13
47 12
21 44
21 47
15 24
23 24
2 11
30 0
0 12
22 12
5 39
36 47
33 45
2 0
25 27
43 21
31 37
42 48
48 10
29 0
0 19
1 3
7 5
45 27
49 43
42 19
31 20
18 46
15 42
41 11
1 8
7 42
48 17
49 37
8 44
41 1
32 13
44 19
24 0
13 44
19 27
1 11
1 17
34 26
25 2
9 7
43 9
32 30
43 17
30 30
0 24
10 47
30 22
23 16
8 5
40 15
31 33
35 46
34 7
10 49
24 45
34 2
7 41
46 18
34 44
9 42
43 19
32 20
14 18
13 23
32 28
30 48
36 13
38 43
48 7
38 3
44 43
29 34
24 3
33 11
39 40
5 36
19 44
0 26
19 22
16 21
7 6
45 17
39 30
3 49
47 35
33 30
29 22
1 36
22 27
47 7
13 22
23 13
19 18
48 15
30 4
44 32
36 48
41 23
8 45
28 44
16 27
19 28
37 46
47 26
24 49
39 4
40 21
32 33
42 29
38 49
15 14
42 11
36 14
37 4
46 29
38 30
32 31
9 41
5049 6
16 47
0 1
27 0
13 1
48 44
2 44
37 19
20 45
33 19
0 32
31 27
31 48
42 43
49 45
1 31
2 14
11 3
13 43
16 31
29 43
45 33
29 36
19 33
38 6
48 22
39 7
34 32
13 27
19 48
28 3
14 30
44 24
44 47
34 23
40 42
18 3
30 20
16 29
17 0
40 16
13 15
40 24
15 32
12 25
12 5
22 24
20 35
16 44
25 35
0 40
37 43
5 5
36 33
12 24
21 17
46 31
45 29
32 49
22 21
17 45
42 41
47 29
23 17
8 4
19 25
37 18
41 38
3 5
40 45
19 0
11 25
46 40
36 23
9 2
32 39
24 21
7 0
36 7
45 19
45 37
22 1
1 2
32 15
16 28
49 47
6 42
14 23
42 33
16 22
32 7
47 33
0 42
41 47
35 35
36 11
22 22
13 24
20 46
44 31
5 0
41 6
45 31
43 25
33 43
26 5
33 26
42 26
44 29
37 24
10 42
38 26
9 0
41 43
31 41
20 1
35 29
44 26
7 3
16 30
34 34
39 33
1 40
47 4
13 18
36 20
40 48
26 36
44 44
31 24
46 22
41 34
27 26
38 46
13 0
38 8
37 40
17 19
49 2
46 35
48 11
45 41
25 24
3 2
9 46
43 2
38 41
0 27
30 44
34 4
25 29
24 6
38 27
9 21
13 32
14 0
46 10
27 14
1 39
43 8
32 26
33 9
30 46
30 15
49 17
40 39
49 33
41 46
1 10
19 26
15 16
48 4
35 2
22 26
14 49
25 31
10 4
29 32
36 4
5 41
6 49
36 18
47 27
25 6
15 2
19 16
32 32
18 16
26 14
49 49
43 28
2 49
38 40
49 42
26 37
8 17
34 43
21 12
34 20
37 33
21 18
26 2
38 11
16 32
35 20
44 49
39 49
28 22
19 43
46 6
30 11
23 48
49 41
14 22
2 6
24 46
36 16
42 15
33 31
42 34
47 1
5 43
41 3
3 47
30 25
3 0
21 25
27 1
49 3
19 3
14 21
44 6
15 13
36 5
39 22
0 16
31 4
48 16
26 28
1 0
0 9
9 44
40 32
1 34
29 49
10 0
30 42
44 3
13 3
4 8
11 16
26 15
31 47
22 42
23 15
18 5
39 31
24 5
41 7
36 41
19 21
40 4
2 1
12 28
32 14
31 6
47 46
37 11
37 16
48 43
35 47
17 34
46 23
42 25
15 17
20 25
1 46
2 5
4 45
47 22
31 32
21 46
14 17
47 23
40 41
12 3
42 22
23 21
4 42
28 13
33 37
22 31
36 27
34 41
46 15
43 12
39 39
44 34
40 10
29 3
29 16
41 16
27 24
30 32
35 8
13 6
10 6
49 1
23 49
22 48
42 45
33 6
24 25
40 9
22 2
39 13
38 17
37 17
41 42
30 33
35 31
8 7
43 15
39 35
19 31
2 48
13 21
29 13
16 15
40 35
15 30
22 14
32 19
3 12
24 4
42 0
0 49
15 22
43 46
36 45
47 11
32 36
7 47
42 49
41 44
5 8
47 25
29 37
36 24
41 32
23 46
36 2
25 0
39 15
35 1
39 16
22 23
0 6
22 47
8 0
26 23
42 8
48 9
11 1
19 24
5 45
35 0
29 1
35 18
39 6
39 24
23 3
44 46
24 1
38 2
29 6
33 21
46 47
21 16
1 13
3 41
36 17
45 30
34 1
25 11
11 47
31 11
30 12
49 7
20 31
18 49
28 26
48 21
9 45
26 26
38 24
49 14
31 49
5 40
41 25
0 10
33 0
28 49
12 1
1 41
18 4
9 4
46 8
21 21
47 40
30 37
22 30
31 40
34 8
42 31
47 48
35 44
47 45
27 44
21 5
27 41
6 46
43 18
24 44
1 37
49 35
36 31
32 21
46 42
3 44
12 47
39 36
26 3
48 35
43 40
49 39
3 48
8 47
40 27
48 46
16 13
29 8
41 10
30 36
29 2
43 41
28 11
0 23
27 5
44 2
1 28
34 40
22 45
27 4
30 6
21 3
30 19
30 43
33 2
18 42
36 30
10 45
26 12
29 29
26 46
13 4
29 33
20 48
44 37
26 0
48 26
33 12
44 10
20 49
28 37
41 0
47 49
21 30
26 44
29 5
7 39
32 43
5 3
34 47
17 21
46 26
23 1
34 11
17 22
46 44
13 47
0 0
28 2
43 16
28 14
20 5
20 42
4 35
2 36
12 27
41 40
40 31
32 17
9 47
16 42
19 29
46 21
34 29
44 12
37 5
25 44
44 17
45 11
39 48
5 9
43 6
14 2
39 9
28 46
32 27
15 15
31 0
21 27
29 4
47 18
11 44
28 23
32 24
30 28
48 40
45 46
14 20
34 17
20 24
2 12
0 38
38 4
40 46
0 21
1 33
26 41
39 5
8 46
33 44
17 49
48 34
35 26
48 39
25 7
40 38
36 0
34 19
44 33
25 4
25 45
41 14
33 29
41 31
18 26
24 37
44 21
20 15
2 8
8 24
14 28
12 45
43 34
15 23
44 13
49 15
32 6
14 24
42 7
30 31
40 49
20 28
49 13
29 14
1 5
39 0
36 3
34 24
28 43
48 28
33 20
32 1
44 16
25 47
3 42
27 42
9 49
32 48
26 45
17 30
40 33
3 36
12 41
31 28
28 29
12 26
45 24
13 28
47 15
8 40
41 9
7 8
13 19
23 18
43 45
34 42
23 47
33 39
31 46
23 36
27 12
3 35
41 45
18 27
14 48
49 12
33 24
39 2
15 47
29 26
18 2
17 31
38 22
44 48
48 2
21 13
31 19
19 5
47 39
33 49
38 14
20 27
27 25
31 1
25 36
4 0
18 15
14 5
35 36
4 38
45 36
13 31
20 4
49 11
1 9
32 16
46 43
29 20
12 46
25 23
49 38
46 3
48 12
49 36
5 38
31 14
45 2
20 6
36 15
28 36
44 40
18 44
15 49
17 26
37 37
13 25
42 6
18 43
38 33
37 30
42 32
41 2
38 35
4 6
39 46
23 45
25 49
10 19
47 30
19 49
8 26
26 27
45 3
35 25
32 0
15 1
21 34
24 36
36 37
14 26
19 15
36 19
25 42
36 21
46 2
23 41
23 22
16 24
25 21
0 20
18 23
21 36
34 33
0 41
1 38
38 32
17 20
1 35
19 4
14 33
48 27
6 0
20 3
31 29
49 0
46 32
30 29
43 20
10 43
41 17
5 42
28 4
39 8
20 14
46 19
20 43
34 21
1 43
8 39
47 28
33 28
14 31
16 43
47 41
45 48
0 22
22 28
18 29
26 24
23 42
36 42
23 27
36 9
7 48
31 43
5 37
15 3
1 47
28 40
11 2
46 20
26 43
45 39
30 26
49 30
11 42
14 46
9 6
9 40
28 25
12 22
39 10
30 34
41 36
16 16
2 43
21 23
48 33
45 26
49 4
1 42
2 39
46 9
25 46
11 49
28 7
34 0
40 36
43 11
1 44
43 29
40 5
44 39
47 34
8 41
46 1
41 8
31 22
21 43
28 6
49 10
30 1
36 49
16 23
15 48
16 1
34 48
45 40
45 25
9 48
36 46
25 3
38 21
12 42
21 26
13 45
17 23
37 14
16 19
30 5
37 13
15 45
19 13
22 32
2 47
20 30
37 12
19 45
15 5
0 47
31 5
21 24
38 39
9 3
26 13
40 25
20 32
46 13
36 1
30 2
37 15
47 19
45 7
43 26
3 43
28 5
23 5
12 49
33 4
7 44
17 25
49 22
17 28
31 45
49 48
28 1
0 48
17 3
29 48
20 21
33 34
20 20
26 25
35 37
38 29
27 43
43 47
30 47
27 2
39 20
27 49
27 48
4 41
48 13
35 4
24 47
34 28
29 45
48 25
32 42
42 12
37 47
40 26
37 39
49 46
25 41
44 5
12 48
29 23
6 7
45 32
2 3
46 7
46 27
37 45
48 42
0 44
30 14
48 38
5 6
0 14
35 33
48 23
16 3
33 47
22 18
37 34
48 49
7 1
36 43
20 16
10 5
39 1
40 0
17 48
11 41
31 30
6 5
4 9
43 5
1 14
40 28
3 38
37 41
36 29
34 6
36 40
2 30
28 35
37 6
12 44
23 43
2 40
41 4
4 48
46 30
18 47
7 43
35 42
24 2
46 41
17 33
49 24
46 0
9 5
42 20
38 0
4 37
0 28
3 8
33 42
30 24
38 1
19 14
21 32
34 3
17 47
43 4
5 1
34 5
33 1
28 24
2 4
34 14
29 44
15 27
1 16
27 45
