100
4 45
4 46
4 47
4 48
4 49
5 35
5 39
5 40
5 41
5 42
5 43
5 44
5 45
5 46
5 47
5 48
5 49
5 53
5 54
5 55
5 56
6 31
6 32
6 33
6 34
6 35
6 36
6 37
6 38
6 39
6 40
6 41
6 42
6 43
6 44
6 45
6 46
6 47
6 48
6 49
6 50
6 51
6 52
6 53
6 54
6 55
6 56
6 57
7 31
7 32
7 34
7 35
7 36
7 37
7 38
7 39
7 40
7 41
7 42
7 43
7 44
7 45
7 46
7 47
7 48
7 49
7 50
7 51
7 52
7 53
7 54
7 55
7 56
7 57
8 27
8 28
8 29
8 30
8 31
8 32
8 34
8 35
8 36
8 37
8 38
8 39
8 40
8 41
8 42
8 43
8 44
8 45
8 46
8 47
8 48
8 49
8 50
8 51
8 52
8 53
8 54
8 55
8 56
8 57
8 58
9 24
9 25
9 26
9 27
9 28
9 29
9 30
9 31
9 32
9 33
9 34
9 35
9 36
9 37
9 38
9 39
9 40
9 41
9 42
9 43
9 44
9 45
9 46
9 47
9 48
9 49
9 50
9 51
9 52
9 53
9 54
9 55
9 56
9 57
9 58
9 59
10 24
10 25
10 26
10 27
10 28
10 29
10 30
10 31
10 32
10 33
10 34
10 35
10 36
10 37
10 38
10 39
10 40
10 41
10 42
10 43
10 44
10 45
10 46
10 47
10 48
10 49
10 50
10 51
10 52
10 53
10 54
10 55
10 56
10 57
10 58
10 59
10 60
11 23
11 24
11 25
11 26
11 27
11 28
11 29
11 30
11 31
11 32
11 33
11 34
11 35
11 36
11 37
11 38
11 39
11 40
11 41
11 42
11 43
11 44
11 45
11 46
11 47
11 48
11 49
11 50
11 51
11 52
11 53
11 54
11 55
11 56
11 57
11 58
11 59
11 60
11 61
11 62
11 63
12 21
12 22
12 23
12 24
12 25
12 26
12 27
12 28
12 29
12 30
12 31
12 32
12 33
12 34
12 35
12 36
12 37
12 38
12 39
12 40
12 41
12 42
12 43
12 44
12 45
12 46
12 47
12 48
12 49
12 50
12 51
12 52
12 53
12 54
12 55
12 56
12 57
12 58
12 59
12 60
12 61
12 62
12 63
12 64
12 65
12 66
13 22
13 23
13 24
13 25
13 26
13 27
13 28
13 29
13 30
13 31
13 32
13 33
13 35
13 36
13 37
13 38
13 39
13 40
13 41
13 42
13 43
13 44
13 45
13 46
13 47
13 48
13 49
13 50
13 51
13 52
13 53
13 54
13 55
13 56
13 57
13 58
13 59
13 60
13 61
13 62
13 63
13 64
13 65
13 66
13 68
13 69
14 22
14 23
14 24
14 25
14 26
14 27
14 28
14 29
14 30
14 31
14 32
14 33
14 36
14 37
14 38
14 39
14 40
14 41
14 42
14 43
14 44
14 45
14 46
14 47
14 48
14 49
14 50
14 52
14 53
14 54
14 55
14 56
14 57
14 58
14 59
14 60
14 61
14 62
14 63
14 64
14 65
14 66
14 67
14 68
14 69
14 70
15 19
15 24
15 25
15 26
15 27
15 28
15 29
15 30
15 31
15 32
15 55
15 56
15 57
15 58
15 59
15 60
15 61
15 62
15 63
15 64
15 65
15 66
15 67
15 68
15 69
15 70
15 75
16 19
16 25
16 26
16 27
16 28
16 29
16 30
16 31
16 32
16 56
16 64
16 65
16 66
16 67
16 68
16 69
16 70
16 71
17 18
17 19
17 20
17 21
17 26
17 27
17 28
17 29
17 30
17 65
17 66
17 67
17 68
17 69
17 70
17 71
17 77
18 18
18 19
18 20
18 21
18 27
18 64
18 65
18 66
18 67
18 68
18 69
18 70
18 71
18 72
18 77
19 17
19 18
19 20
19 21
19 27
19 59
19 65
19 66
19 67
19 68
19 69
19 70
19 71
19 72
19 73
19 77
20 17
20 18
20 21
20 27
20 28
20 55
20 56
20 57
20 58
20 59
20 60
20 61
20 62
20 63
20 64
20 65
20 69
20 70
20 71
20 72
20 73
20 74
20 75
20 76
20 77
20 78
21 16
21 17
21 18
21 19
21 57
21 58
21 59
21 60
21 61
21 62
21 63
21 64
21 65
21 68
21 69
21 70
21 74
21 75
21 76
21 77
21 78
22 16
22 17
22 18
22 19
22 20
22 62
22 63
22 64
22 65
22 66
22 68
22 69
22 70
22 73
22 74
22 75
22 76
22 77
22 78
22 79
23 15
23 16
23 17
23 18
23 19
23 63
23 64
23 65
23 66
23 67
23 68
23 69
23 70
23 71
23 72
23 73
23 74
23 75
23 76
23 77
23 78
23 79
23 80
24 15
24 16
24 17
24 18
24 21
24 22
24 23
24 67
24 68
24 69
24 70
24 71
24 72
24 73
24 74
24 75
24 76
24 77
24 78
24 79
24 80
25 15
25 16
25 17
25 18
25 19
25 20
25 21
25 22
25 23
25 75
25 76
25 77
25 78
25 79
25 80
26 16
26 17
26 18
26 19
26 20
26 21
26 22
26 23
26 24
26 75
26 76
26 77
26 78
26 79
26 80
27 15
27 16
27 17
27 18
27 19
27 20
27 21
27 24
27 27
27 75
27 76
27 77
27 80
28 15
28 16
28 17
28 18
28 19
28 20
28 21
28 75
28 76
28 77
28 80
29 15
29 16
29 17
29 18
29 19
29 20
29 21
29 22
29 76
29 77
29 78
29 79
29 80
30 15
30 18
30 19
30 20
30 21
30 75
30 76
30 77
30 78
30 79
30 80
30 81
31 18
31 19
31 20
31 21
31 75
31 76
31 77
31 78
31 79
31 80
31 81
32 14
32 18
32 19
32 20
32 21
32 75
32 76
32 77
32 78
32 79
32 80
32 81
33 14
33 18
33 19
33 20
33 21
33 74
33 75
33 76
33 77
33 78
33 79
33 80
33 81
34 14
34 18
34 19
34 20
34 21
34 73
34 74
34 75
34 76
34 77
34 78
34 79
34 80
34 81
35 14
35 18
35 19
35 20
35 21
35 72
35 73
35 74
35 75
35 76
35 77
35 78
35 79
35 80
35 81
36 21
36 22
36 73
36 74
36 75
36 76
36 77
36 78
36 79
36 80
36 81
37 24
37 72
37 73
37 74
37 75
37 76
37 77
37 78
37 81
38 15
38 24
38 72
38 73
38 74
38 75
38 76
38 77
38 78
38 79
38 80
38 81
39 15
39 16
39 21
39 22
39 23
39 73
39 74
39 75
39 76
39 77
39 78
39 79
39 80
39 81
40 15
40 21
40 22
40 23
40 74
40 75
40 76
40 77
40 78
40 79
40 80
41 15
41 21
41 74
41 75
41 76
41 77
41 78
41 79
41 80
42 15
42 16
42 17
42 21
42 75
42 76
42 77
42 78
42 79
42 80
43 16
43 17
43 21
43 75
43 76
43 77
43 78
43 79
43 80
44 16
44 17
44 21
44 75
44 76
44 77
44 78
44 79
44 80
45 77
45 78
45 79
46 77
46 78
46 79
46 80
47 17
47 18
47 19
47 20
47 21
47 77
47 78
47 79
48 20
48 60
48 77
48 78
48 79
48 80
49 20
49 77
49 78
49 79
50 20
50 78
51 18
51 19
51 20
51 78
51 79
51 80
52 18
52 19
52 20
52 78
52 79
52 80
53 18
53 19
53 20
53 78
54 18
54 19
54 78
55 18
55 19
56 18
56 19
56 60
56 63
57 19
57 20
57 36
57 37
57 61
57 62
74 53
